  0.01116845241885663  0.01718148417499707  0.02476923676853218  0.03417062652181003
  0.04360470312315748  0.05310375197325709  0.06271057889070172  0.07241987766623237
  0.08228906303236416  0.09239842364763115  0.10256105960366448  0.11283139509598458
  0.12320670327515712  0.13375766667122316  0.14452953567255084  0.15540817830276504
  0.16645760889112618  0.17752005874080298  0.18874585069850022  0.20007610546423127
  0.21163379735050097  0.22328784896861781  0.23505403576087611  0.24683538586245354
  0.25876608058611850  0.27086632264053684  0.28306506792393982  0.29521346809967991
  0.30735407252408947  0.31962372581071818  0.33207008162702201  0.34461371987055756
  0.35725952782600989  0.37005395124777340  0.38280299000723811  0.39552260270163336
  0.40820596292975236  0.42099304253617559  0.43381691626079727  0.44680959051855068
  0.45979752964900411  0.47257537402364785  0.48520014549144236  0.49774196472034249
  0.51024828306320880  0.52274898061507269  0.53519506600186972  0.54749515821448547
  0.55971366136122191  0.57178156738524599  0.58372454489502312  0.59555232987609530
  0.60728373179445361  0.61892850847131153  0.63045056173504199  0.64182294458390854
  0.65303840471084185  0.66409653292885684  0.67501977220588116  0.68586475109597156
  0.69667393772620245  0.70736111819691838  0.71777283802135361  0.72803287993933652
  0.73814078241814318  0.74818078570731361  0.75800762084960394  0.76772248506041085
  0.77730820860159600  0.78684412732717290  0.79620210137523983  0.80540580572490850
  0.81440126633100340  0.82331117304900425  0.83216241887506315  0.84098998331780839
  0.84973265365862360  0.85837040481410054  0.86683541264896002  0.87521046802995262
  0.88347738320079505  0.89171826077633953  0.89986741109377288  0.90786982007065697
  0.91578996549229019  0.92365726134918813  0.93149796906626103  0.93930985975561621
  0.94705907004012690  0.95475103899298952  0.96234240420456130  0.96980515572507042
  0.97719296721573279  0.98427531348491715  0.98979139540508410  1.00000000000000000
 -0.00219957623677280  0.00991634841206587  0.02025853827959867  0.03077357776150715
  0.04128238757763913  0.05173991708268108  0.06225259736362435  0.07279273578258101
  0.08327607596245114  0.09373887016943125  0.10409163641530980  0.11458354210182514
  0.12509405418368899  0.13577618657094612  0.14640071886103645  0.15698777453208676
  0.16760203508068017  0.17829127959705360  0.18904255877379911  0.19964950535589424
  0.21017089368261385  0.22065117638424656  0.23109720160758074  0.24155291555024755
  0.25205695603184336  0.26260354058926494  0.27319880076961001  0.28387176988539020
  0.29454855909963967  0.30526068999780936  0.31585014929555916  0.32637888072609794
  0.33671504501404942  0.34694353762248620  0.35717696162310625  0.36745469985918289
  0.37785670484713135  0.38831098118322094  0.39880395368533250  0.40938563510915549
  0.41995722779865396  0.43053415958839242  0.44100866995869131  0.45136339079208615
  0.46170965902158184  0.47206307171220108  0.48257759868079436  0.49333748306131897
  0.50414193731171941  0.51489140308373393  0.52542505032513664  0.53593055013180091
  0.54636960229846543  0.55681211393440977  0.56731382920511175  0.57783500620975614
  0.58828373848908888  0.59878190946762888  0.60944422167843160  0.62012375436633693
  0.63071781651018721  0.64119771648105706  0.65179197523893861  0.66245094260965243
  0.67312624861071602  0.68369367909305678  0.69419933103753095  0.70482024113123121
  0.71552099139174130  0.72622693738803878  0.73677421707209911  0.74731172382421185
  0.75782542986194101  0.76842020712772729  0.77907430227324759  0.78967898452516105
  0.80024620629605947  0.81069273862111124  0.82127280559556226  0.83185131979461302
  0.84233037294334701  0.85271462926111319  0.86314005928528459  0.87363273129564645
  0.88413948955228239  0.89468003367577287  0.90528819450057207  0.91589029501715591
  0.92647768068642466  0.93701444645945264  0.94748885670310889  0.95792169123717319
  0.96842418474604364  0.97889712012811980  0.98941375052736447  1.00000000000000000
 -0.00176451930962280  0.00792793025014224  0.01705758425392040  0.02686463763885453
  0.03701379607475909  0.04725414284904533  0.05754926562329825  0.06786872156032292
  0.07816462392981630  0.08836854345577433  0.09852486190091232  0.10869202723764658
  0.11886775034038964  0.12910083714032389  0.13936337357513170  0.14969456481627413
  0.16006290029795145  0.17049910700843074  0.18097747901980984  0.19144029143352989
  0.20190474870416025  0.21238650721582553  0.22292161861512405  0.23342602889484426
  0.24389416869836605  0.25436527903659062  0.26488862645860722  0.27543548830714837
  0.28604955591131620  0.29662452718109694  0.30719023063427575  0.31775251689642919
  0.32834327604254493  0.33889608863322790  0.34940207229796361  0.35991446733484816
  0.37042792504851396  0.38093062332646310  0.39144843154786052  0.40195377615361200
  0.41247631525637485  0.42297606258576148  0.43350122177764638  0.44403245167802852
  0.45454975295980288  0.46509784048363656  0.47562672857331945  0.48616379356114847
  0.49670361424385756  0.50730066261210216  0.51790496680912201  0.52846710317224732
  0.53905077511201727  0.54967266904839929  0.56035336713283568  0.57100029595688540
  0.58159380289343510  0.59210922813271016  0.60262373119065171  0.61315200464858188
  0.62372435804842352  0.63431940535523912  0.64491050063708932  0.65548989350141929
  0.66604828441480612  0.67664403409125096  0.68728348843088305  0.69789727524324008
  0.70844995684141621  0.71897317995735666  0.72951541485374349  0.74006215619818227
  0.75056692324988239  0.76106694808936837  0.77157649452428956  0.78209442793698503
  0.79261551724042856  0.80315289057563877  0.81365541831808486  0.82422775865354503
  0.83494925553943489  0.84577462381379931  0.85655062295198237  0.86721042121434244
  0.87778523106480388  0.88835149468568031  0.89893670128500314  0.90957069942134317
  0.92027878761904869  0.93095633572830516  0.94173674726585421  0.95248257807961889
  0.96350077252962707  0.97466947082338795  0.98696287230968727  1.00000000000000000
  0.25851321619170670  0.26602486996848457  0.27384356938415988  0.28276511287371930
  0.29150039749892109  0.29982433015722365  0.30790569017278752  0.31566596619664372
  0.32308604764903365  0.33037726898459618  0.33742577143888380  0.34431638737724174
  0.35108862955075026  0.35768675703540453  0.36415168511601909  0.37055302366686693
  0.37682706682946321  0.38294178815920787  0.38905827998898174  0.39515252082591640
  0.40108995121493674  0.40691807585795436  0.41267735820140039  0.41835211703450753
  0.42391168206559454  0.42943022527229563  0.43494760875821931  0.44045485805809687
  0.44592469215603991  0.45136908994594244  0.45677793613364592  0.46213948346961675
  0.46743422306802546  0.47268021781701242  0.47789686733318515  0.48309190126634088
  0.48830694111641954  0.49353923363529456  0.49872059790490347  0.50383258244087226
  0.50888826390672892  0.51393262854450106  0.51895018571872509  0.52392945217208642
  0.52885391652629254  0.53372096449568085  0.53854676274443025  0.54336374672682408
  0.54819292635202732  0.55303236754317631  0.55786033602555107  0.56264991576448353
  0.56741145070321941  0.57214332996741546  0.57685782254196016  0.58153023219554356
  0.58616532772182639  0.59079172358845444  0.59540978858590998  0.60003256172051878
  0.60463634339688743  0.60923209107494825  0.61382352804876106  0.61839501380139894
  0.62293884900410834  0.62743462097986247  0.63194336104936222  0.63644656065381366
  0.64098657727209107  0.64547671550434127  0.64993374668424686  0.65438825528398037
  0.65884868499827087  0.66329477989533370  0.66773059627908948  0.67214571592068406
  0.67654839704152314  0.68093434432888655  0.68530373977609982  0.68967553788987568
  0.69406130507678598  0.69847198392755427  0.70289073192587770  0.70731621403043643
  0.71173709718784983  0.71613682269423673  0.72049475064019830  0.72481894158980020
  0.72912946288733538  0.73351437368573913  0.73819931122972393  0.74289551958275724
  0.74738519407705839  0.75337509634686106  0.75365841583958570  1.00000000000000000
   9.7823535419795382E-003  -1.0000000000000000     
 F F F F F F F F F F F F F F F F F F F F F F F F F F F F F F F F
  <DiscreteSampler_grid>
  grouped_processes
  1 # 1 for a reference and 2 for a running grid.
  10 # Attribute 'min_bin_probing_points' of the grid.
  1 # Attribute 'grid_mode' of the grid. 1=='default',2=='initialization'
  0.0000000000000000 # Attribute 'small_contrib_threshold' of the grid.
  0.5000000000000000 # Attribute 'damping_power' of the grid.
 # binID   n_entries weight   weight_sqr   abs_weight
    13   10   1.288185842104002E+008   3.096432919725500E+016   1.288185842104002E+008
    14   10   1.288185842104002E+008   3.096432919725500E+016   1.288185842104002E+008
    16   10   1.606052307674305E+008   4.673365272133057E+016   1.606052307674305E+008
    17   10   1.606052307674305E+008   4.673365272133058E+016   1.606052307674305E+008
  </DiscreteSampler_grid>
