  0.01203261484773737  0.01697369308265310  0.02471096229410771  0.03425222025850656
  0.04373610502549799  0.05334287217827205  0.06300914919150984  0.07277728735502623
  0.08275004293612299  0.09302447029553880  0.10335307088712677  0.11357176948906372
  0.12375606607322895  0.13422159513092979  0.14499024946127409  0.15587193629706053
  0.16676164910682606  0.17782706731312753  0.18898195385660643  0.20022206552540608
  0.21156176071145188  0.22314941085711290  0.23479232278965445  0.24637698741405153
  0.25805191848635756  0.26982872853002360  0.28177102661231085  0.29378696233501128
  0.30586989796871028  0.31799830267353985  0.33018751718186662  0.34243300829324597
  0.35467652717388481  0.36684518104482383  0.37901195433202112  0.39124868893170733
  0.40370962645057584  0.41632741217534863  0.42905126005517558  0.44177558424251234
  0.45464200671694788  0.46741836008299303  0.48022218486818330  0.49270749494026278
  0.50518554854876629  0.51752158198177245  0.52978092634901863  0.54199088917054872
  0.55421947655366766  0.56640850218930872  0.57847797604938367  0.59049675678469848
  0.60249693427636397  0.61433961231656220  0.62597101993723958  0.63739119411248468
  0.64860398073651537  0.65963056659814723  0.67058577719568246  0.68152820908492462
  0.69240203114009846  0.70323795549645907  0.71402707689921674  0.72471484284556442
  0.73522592088364636  0.74558264793877338  0.75584135429555011  0.76604036636895223
  0.77618005619989960  0.78624576018024206  0.79614025610489114  0.80576945726681237
  0.81524187577897023  0.82458325187345360  0.83384308733886603  0.84302017951014474
  0.85210866188141732  0.86111959003745076  0.87000333613381908  0.87877628340691527
  0.88750337981267424  0.89611774408233791  0.90459026756333205  0.91298436094196178
  0.92130724989966140  0.92958052900943944  0.93782941277579035  0.94595178390314105
  0.95393611363792796  0.96175822029565039  0.96932319757164975  0.97692440133586855
  0.98385954472057546  0.98663926059222140  0.98809734649583791  1.00000000000000000
 -0.00235108159395946  0.00995008655030307  0.02035776664167411  0.03109284805695074
  0.04187140265419228  0.05254651534061619  0.06313586663849839  0.07369235049745960
  0.08422071228104321  0.09483224154942203  0.10536912587515032  0.11598653647389177
  0.12665282657223251  0.13725189174467609  0.14789930426133407  0.15847703104465630
  0.16908415497824419  0.17963136958075226  0.19036891481362225  0.20106391751343072
  0.21165648262214290  0.22210952770912068  0.23263766865218130  0.24324156340402037
  0.25387922120328621  0.26449737666195627  0.27505077415439949  0.28544102536812449
  0.29580389280379688  0.30611666975263890  0.31643067661078572  0.32689592850930588
  0.33733148246449607  0.34780188809864854  0.35827269985686544  0.36880188061495583
  0.37931508486501114  0.38967554039958713  0.40008575194286716  0.41065079072809824
  0.42120175104290242  0.43178455719485948  0.44240881871066395  0.45316962557208551
  0.46388405421296391  0.47441551654010650  0.48481456900847453  0.49530529050156225
  0.50584444663947714  0.51649081907842809  0.52696785072490937  0.53757726428875674
  0.54806506637267294  0.55862175602441877  0.56898979287360418  0.57950462203700126
  0.59001343254217131  0.60048679952371364  0.61086886684555153  0.62116705636695302
  0.63152286060630669  0.64172012740594253  0.65205963869168615  0.66244036633879699
  0.67287481106319513  0.68326773669584451  0.69373460497169170  0.70432222175040493
  0.71491236544379888  0.72536556354130122  0.73579767738059265  0.74616909474292081
  0.75664755539541317  0.76714515795856486  0.77780527934701693  0.78842300512479779
  0.79901790415947149  0.80956912910319212  0.81996743151020823  0.83042550312033014
  0.84101439884499474  0.85167437485035324  0.86243868822245096  0.87313547350532117
  0.88379300010310757  0.89428190058454682  0.90464983919630371  0.91504506508436556
  0.92541318941617190  0.93583435516482727  0.94639898859427063  0.95714316079590778
  0.96792169800883110  0.97873408599282619  0.98939824045828251  1.00000000000000000
 -0.00128106440035588  0.00869276454086897  0.01785277793167627  0.02747404131301657
  0.03732406418999822  0.04739242091542414  0.05754835504267671  0.06781269913183799
  0.07811308318885114  0.08848606836189729  0.09881907454594382  0.10913049557926267
  0.11939679041374220  0.12963273487843832  0.13993546074014196  0.15035957935428684
  0.16082259237529065  0.17121771444536429  0.18154850851548957  0.19197606030918102
  0.20241426423562595  0.21281242209638465  0.22326441360099786  0.23383981030154422
  0.24439666182107314  0.25491234529187806  0.26531303446469329  0.27579793957096987
  0.28626132669797366  0.29677768977162594  0.30732294489423462  0.31787055154028149
  0.32842768216688917  0.33901190202888948  0.34960430383386426  0.36007742581012092
  0.37052559012737224  0.38104690700426391  0.39161117708633236  0.40211004578907983
  0.41252379616623619  0.42308105206857949  0.43371693130459993  0.44428739934739958
  0.45473658511679194  0.46526289748607635  0.47587805431231162  0.48650990667677974
  0.49702963458694488  0.50755113556546183  0.51801826388518823  0.52856692830653063
  0.53916349625895965  0.54978481319859884  0.56042888152325909  0.57105885031688042
  0.58174942465512491  0.59236941541732480  0.60290810241646553  0.61348076131685680
  0.62402594545790613  0.63461757136167540  0.64516602629576492  0.65577998599451159
  0.66637765292049211  0.67696048284260779  0.68752669662285892  0.69813823163934452
  0.70879848706667592  0.71947205262149028  0.73004040208539445  0.74059686004665337
  0.75114428323962223  0.76175552626921317  0.77241659904970628  0.78309045701885949
  0.79374105162615816  0.80434657613070637  0.81482466205907811  0.82531175753547636
  0.83579399761991768  0.84631244487466761  0.85689842779107128  0.86759524910149688
  0.87834721478371758  0.88911270131218134  0.89990031037217899  0.91076134561940059
  0.92151505429037117  0.93229238235552625  0.94301838532596938  0.95391062621850164
  0.96510529997202843  0.97643977973987750  0.98816133656863125  1.00000000000000000
  0.25051010997118583  0.26197502712810689  0.27357832508894131  0.28463746490059172
  0.29509624369381621  0.30498713963377905  0.31444642819911633  0.32337990421290330
  0.33203683364915931  0.34023120500522508  0.34822471673399957  0.35604534888016054
  0.36354838223131553  0.37094950252074654  0.37818422388794515  0.38525674362420742
  0.39216483586618306  0.39887157297481513  0.40544227292164664  0.41198138632020204
  0.41840234558798767  0.42470019436748485  0.43098419722418757  0.43718923897972228
  0.44319612101166961  0.44908787202477896  0.45499870224116029  0.46086166930484879
  0.46662651046131881  0.47228996768233455  0.47790451866656847  0.48344104203850929
  0.48898099789478161  0.49443791313042534  0.49986176306081781  0.50514641395592186
  0.51042475305351598  0.51570595022067200  0.52093968977465854  0.52608574685787501
  0.53114759921903543  0.53621218745688881  0.54125039689482413  0.54622604763737870
  0.55117200175323600  0.55608812717788714  0.56099998885552793  0.56581280375371545
  0.57054416872867586  0.57523330501813896  0.57990939068096925  0.58454441718956829
  0.58909706624655211  0.59359336002523244  0.59805285258213736  0.60251478092746824
  0.60687088483635310  0.61119333197360581  0.61550310457946378  0.61980497176200144
  0.62407607437479662  0.62832795379122552  0.63256957582707740  0.63679241583728419
  0.64096480152903279  0.64509071360352499  0.64915889012164907  0.65320365976867634
  0.65722900712243759  0.66122029810967120  0.66518765293829341  0.66912845791044928
  0.67304256541616103  0.67693421677892984  0.68080984680577550  0.68468184684295053
  0.68853254025913002  0.69233350520712844  0.69613456236833537  0.69992631569902630
  0.70371293828704284  0.70746458016330327  0.71116049767190326  0.71481617152901289
  0.71846735508980153  0.72212283442422520  0.72577065917697270  0.72940081490946318
  0.73299858135065610  0.73656758275226664  0.74014104091943511  0.74375805926663630
  0.74737368487961153  0.75149975987835216  0.75197890995697669  1.00000000000000000
   2.1603815867210401E-003  -1.0000000000000000     
 F F F F F F F F F F F F F F F F F F F F F F F F F F F F F F F F
  <DiscreteSampler_grid>
  grouped_processes
  1 # 1 for a reference and 2 for a running grid.
  10 # Attribute 'min_bin_probing_points' of the grid.
  1 # Attribute 'grid_mode' of the grid. 1=='default',2=='initialization'
  0.0000000000000000 # Attribute 'small_contrib_threshold' of the grid.
  0.5000000000000000 # Attribute 'damping_power' of the grid.
 # binID   n_entries weight   weight_sqr   abs_weight
    10   10   1.666800325801652E+008   4.059471862177158E+016   1.666800325801652E+008
    11   10   1.666800325801652E+008   4.059471862177157E+016   1.666800325801652E+008
  </DiscreteSampler_grid>
