  0.01130293437833157  0.01802062808486734  0.02555723489375580  0.03541713970328076
  0.04505717818983844  0.05481095837154222  0.06465503099899864  0.07463369633936137
  0.08461553884197205  0.09464595989259784  0.10477476756696827  0.11509231044721087
  0.12561369666259170  0.13625174852736882  0.14705079927875761  0.15803203510220773
  0.16920644195442053  0.18048040826702108  0.19184836789520426  0.20327314756305565
  0.21480154502285131  0.22644356489991174  0.23816665122949268  0.24996951646144153
  0.26194462639526461  0.27406573351446556  0.28627079085237384  0.29857975152590693
  0.31101138525070537  0.32355090666998271  0.33613209691803031  0.34876361847928061
  0.36145894586692889  0.37415972885233134  0.38689624825498131  0.39971957495718791
  0.41262747808454803  0.42546264866243338  0.43824015344822909  0.45095843606447572
  0.46361963784701504  0.47618245785940339  0.48868840861149249  0.50122110605570458
  0.51369464148683552  0.52609551784825881  0.53844936876643068  0.55074149125946525
  0.56291770068345914  0.57495862366792305  0.58688336214049097  0.59863273983561383
  0.61025551157698366  0.62172559135280880  0.63312525874696923  0.64435040263616861
  0.65545824554557786  0.66642727316705763  0.67729320927919623  0.68810940471465154
  0.69877327894935604  0.70930743426413823  0.71964483236636545  0.72988353834912978
  0.73995828362183524  0.74992185434922332  0.75972652170861210  0.76940780601147984
  0.77891185016252562  0.78834928978614183  0.79768139073634048  0.80689592141430744
  0.81595282882137610  0.82488017433513638  0.83375044582597724  0.84251160069170383
  0.85117472397285365  0.85978659466794005  0.86832180664012559  0.87676777408295448
  0.88501469947307110  0.89314074517125497  0.90114849088063897  0.90911648494316166
  0.91703267648753384  0.92484890894377414  0.93256446381655367  0.94018290002319072
  0.94774967625694306  0.95527362201538413  0.96267426754769625  0.96995366000468008
  0.97718950598599830  0.98426416991115095  0.98969921862529564  1.00000000000000000
 -0.00230501785555909  0.00981995957947122  0.01998127019994233  0.03049225335867342
  0.04094698585005779  0.05154604568715634  0.06209893614204886  0.07264914436488439
  0.08323175436597922  0.09387850313758613  0.10445856636428974  0.11494747057599199
  0.12539781643632508  0.13594085316977048  0.14649215405398358  0.15706266603579702
  0.16762695390951166  0.17819902714549166  0.18875175804038263  0.19935734318999551
  0.20987708396085375  0.22047256537108065  0.23108251731110882  0.24168358201118495
  0.25231676775830253  0.26295277328983180  0.27362508375042099  0.28422820313942121
  0.29487795137371442  0.30545721575710205  0.31608154388905646  0.32661066142979583
  0.33712961548649073  0.34769404677162546  0.35823993021015405  0.36887994491003961
  0.37941854524114565  0.38986821373895458  0.40032844118847122  0.41080268735430675
  0.42135497413642192  0.43187306352976673  0.44240383810900014  0.45294083279327285
  0.46343619020306270  0.47385916129741762  0.48427657632409116  0.49470475747615578
  0.50510585987415857  0.51549722969352252  0.52583746432954515  0.53620602337055256
  0.54661674097185275  0.55711960186275800  0.56771528462533660  0.57841267146597430
  0.58905916455694107  0.59977774289263508  0.61031480387080872  0.62089164425115528
  0.63124407668371507  0.64159606744591768  0.65195998201642980  0.66231588278586451
  0.67270340539071982  0.68314900054799277  0.69361297362881369  0.70410267656368841
  0.71460956229424943  0.72513343773686245  0.73563951810651562  0.74612046672670418
  0.75666003062291398  0.76722700758861606  0.77771843341948610  0.78819163747543652
  0.79883567627074137  0.80951723812608101  0.82018349490980469  0.83078636231216541
  0.84147561665538806  0.85224931750399391  0.86290651056116174  0.87344504943239332
  0.88394270333308034  0.89447889117606350  0.90510749947817903  0.91576276807944390
  0.92631876564694371  0.93692741346771957  0.94744798126662133  0.95801660577314551
  0.96850598159057577  0.97899967321511039  0.98950319996905023  1.00000000000000000
 -0.00108726876387402  0.00809470176054103  0.01701660326843191  0.02662171461563761
  0.03653900051157914  0.04662915697295503  0.05685253260782805  0.06710227077167730
  0.07736051486597398  0.08771614440512483  0.09807722887725465  0.10847678891552391
  0.11885355279484924  0.12930632698991754  0.13978236479661610  0.15025562071446885
  0.16072043770743749  0.17116010506948218  0.18157875984343760  0.19197652738664348
  0.20239627589525541  0.21283975526561491  0.22328371202464004  0.23370533325478252
  0.24413382552657054  0.25459986225752879  0.26504425871023746  0.27549237148820632
  0.28594427611386036  0.29644730140590120  0.30698026670554790  0.31744322229991884
  0.32781392315764796  0.33828189596554953  0.34880558346176743  0.35938344672383249
  0.36995956989964629  0.38058244431736221  0.39119512595270051  0.40168172170500160
  0.41206767282294970  0.42248064634140903  0.43294378936577160  0.44353112677327833
  0.45416887595101940  0.46468593140945602  0.47520241560822679  0.48573004254082797
  0.49630698436874998  0.50679371342042134  0.51726800403792728  0.52778116256587237
  0.53833072130392634  0.54888273741933169  0.55941433003760799  0.56999909463467346
  0.58061510388913629  0.59119069198788898  0.60181887312181215  0.61244852541476713
  0.62307549275301155  0.63359703365306419  0.64409117787525061  0.65464402512079645
  0.66517179457787701  0.67574999433954908  0.68636141432598208  0.69691764346271023
  0.70745898535886287  0.71797893230392296  0.72859082136713638  0.73924532500651574
  0.74991012398131018  0.76051953872314382  0.77111128712919597  0.78174696246694120
  0.79240955896135434  0.80296923320458979  0.81348430949180328  0.82404524701850879
  0.83475054144587602  0.84553237090872990  0.85633124752519874  0.86703120360053976
  0.87767607364895739  0.88833457678485717  0.89906550397797558  0.90989984770844623
  0.92072003086020948  0.93152344990068203  0.94235488689182945  0.95325299209927505
  0.96430247097735744  0.97549555000464916  0.98745965449247053  1.00000000000000000
  0.24928766689714155  0.25960997643047690  0.26910884468181490  0.27826462221764137
  0.28703963402599758  0.29545901722510648  0.30357658785335090  0.31146246495897995
  0.31905393609207117  0.32644038486853583  0.33365357072558355  0.34062344300065445
  0.34748275173906296  0.35425750436259718  0.36084332341102604  0.36732296732221337
  0.37367041480388929  0.37986748454137564  0.38598246121730578  0.39205632730408502
  0.39803521340465275  0.40387786834261247  0.40965771658324818  0.41535230528236722
  0.42096887802192445  0.42656290844976530  0.43211224242209212  0.43760890962949911
  0.44300262453123579  0.44836362897437698  0.45369417042534455  0.45899438950289628
  0.46425811190425947  0.46953463732527911  0.47479487556536809  0.48003261165061628
  0.48521450623374007  0.49037624090302151  0.49550788104825144  0.50059265405067488
  0.50563815804523304  0.51063705151331584  0.51560573777645802  0.52054596761982364
  0.52544969988439971  0.53034298710124461  0.53525435105704933  0.54016689747302182
  0.54504924456693638  0.54988004957362180  0.55467290427547844  0.55945947708928145
  0.56421219130265399  0.56892984643501687  0.57360650177935579  0.57827665805476514
  0.58293698134231964  0.58758466981047019  0.59222337749830467  0.59684230922863823
  0.60146432962794716  0.60604326948055631  0.61061020137380351  0.61516037406146096
  0.61969948098874583  0.62421673221363982  0.62872868227869416  0.63323798012091248
  0.63773853041306228  0.64221759340198759  0.64669286279000437  0.65116505927349777
  0.65564284736810008  0.66011476929859170  0.66456821158048140  0.66901064810167155
  0.67342425652822091  0.67782686796368030  0.68222561817057048  0.68660271200653722
  0.69101902686976879  0.69545481136701914  0.69993020092974623  0.70438028495677618
  0.70881144549084163  0.71320937595192158  0.71759056197508908  0.72193355729372133
  0.72624535936011569  0.73064150623537771  0.73515887260644786  0.73972309467077735
  0.74433943345603626  0.74907360501289943  0.76232236046072344  1.00000000000000000
   9.6672668033777505E-003  -1.0000000000000000     
 F F F F F F F F F F F F F F F F F F F F F F F F F F F F F F F F
  <DiscreteSampler_grid>
  grouped_processes
  1 # 1 for a reference and 2 for a running grid.
  10 # Attribute 'min_bin_probing_points' of the grid.
  1 # Attribute 'grid_mode' of the grid. 1=='default',2=='initialization'
  0.0000000000000000 # Attribute 'small_contrib_threshold' of the grid.
  0.5000000000000000 # Attribute 'damping_power' of the grid.
 # binID   n_entries weight   weight_sqr   abs_weight
    13   10   1.902610345181407E+008   4.347769185702782E+016   1.902610345181407E+008
    14   10   1.902610345181406E+008   4.347769185702782E+016   1.902610345181406E+008
    16   10   2.450352299277815E+008   7.375501312877712E+016   2.450352299277815E+008
    17   10   2.450352299277815E+008   7.375501312877712E+016   2.450352299277815E+008
  </DiscreteSampler_grid>
