  0.35730649692569483  0.38248560711968360  0.38498965606237118  0.38749712480557069
  0.38987151716192353  0.39261781591114742  0.39525724815979751  0.39754442688037100
  0.39982898374189529  0.40217291147983214  0.40643944917914726  0.40965286132297057
  0.41242129112855391  0.41803315162890076  0.42099658415912578  0.42353928037313943
  0.42591719220128355  0.42826148762870103  0.43061560047450331  0.43293487888895660
  0.43524357155230747  0.43744821215586988  0.43955107898995666  0.44159562569328847
  0.44364789850939901  0.44574329138927682  0.44786597364111891  0.44999994647187169
  0.45214285615142652  0.45428222067867263  0.45639920009133855  0.45851247770941900
  0.46057359590234170  0.46263199990944465  0.46471651924106394  0.46681372732423443
  0.46891461583999694  0.47101525106504183  0.47310396521861064  0.47518401548825367
  0.47726593610073836  0.47926068299151114  0.48113357943318558  0.48294277023327725
  0.48475425408889206  0.48654717543568132  0.48831906026913663  0.49007400917714639
  0.49170741210393937  0.49328570451306497  0.49484535915146532  0.49641791021600074
  0.49806332215746968  0.49969485659943386  0.50132188050490623  0.50295996609144678
  0.50461578783758787  0.50629788198494097  0.50801566256683350  0.50977172847277719
  0.51155686107284026  0.51336252398371451  0.51518370437498273  0.51701929346673248
  0.51886801370881719  0.52073400653460011  0.52262836916382172  0.52454541873834615
  0.52646670617838953  0.52839004990298666  0.53031804778562008  0.53224167383173404
  0.53416441648551738  0.53608564798868086  0.53800324551090195  0.53992848762347212
  0.54185801270551515  0.54384457929797625  0.54581512668991006  0.54776972322612061
  0.54981647647331355  0.55198568289072392  0.55420870232848596  0.55639875152562002
  0.55848742423562414  0.56051934193539454  0.56246635987035953  0.56434270639159734
  0.56621748752718815  0.56818680379466080  0.57021855538447297  0.57221557008753154
  0.57461571833735492  0.57822843063759433  0.57837381537467047  1.00000000000000000
  0.00948893263018433  0.00996595783765039  0.01044298304511645  0.01092000825258251
  0.01139703346004857  0.01228356690829506  0.01379700342379949  0.01531043993930392
  0.01682387645480836  0.02327403860324093  0.03426479364211907  0.04546907362060451
  0.05684391706288615  0.06837249291431820  0.08000902526221380  0.09152796476029817
  0.10291702251699024  0.11420698310139797  0.12575859092598188  0.13775387149854304
  0.15000981349595338  0.16236007700379942  0.17454787442311739  0.18642825326297968
  0.19773773060769409  0.20889725775184706  0.22003911816430419  0.23119691409717599
  0.24234263468399667  0.25345187931643881  0.26455804362806523  0.27578277218028202
  0.28724567871849266  0.29916224951328424  0.31151423201608092  0.32357322998778559
  0.33561094877851638  0.34770055022184304  0.35951036993882313  0.37065009144734046
  0.38209065836432154  0.39364060322371408  0.40499205003029048  0.41631618754394284
  0.42781556092692352  0.43935033951470831  0.45070839716477656  0.46216617410334698
  0.47370779129407498  0.48500706976722241  0.49603505430445127  0.50709674564067075
  0.51810257723259245  0.52904072191963214  0.53996293398270512  0.55111675630367130
  0.56228826456215797  0.57353627639700078  0.58479521682048852  0.59620981852689370
  0.60759618243511382  0.61873980562838571  0.62994514456667694  0.64131708873064730
  0.65281335418006070  0.66439552773538268  0.67590497493426671  0.68731948449006441
  0.69856784377398562  0.70972690995180510  0.72079444325626096  0.73184781686702549
  0.74305266152649030  0.75418666570082760  0.76559305715420245  0.77699137865921863
  0.78823002851672197  0.79930602519058325  0.81039598254765000  0.82154630022624608
  0.83206556357703820  0.84260096324558997  0.85320326265930002  0.86458219587234597
  0.87609296814270443  0.88750687080429780  0.89901095528822372  0.91051521899490684
  0.92193437363887643  0.93320002759350984  0.94447001587495660  0.95578169310877947
  0.96697569499611857  0.97804026773654718  0.98900230141136747  1.00000000000000000
  0.89527264459992406  0.89640987532253880  0.89727037079451966  0.89807250121087412
  0.89904722663972392  0.90001923794983574  0.90099306009141789  0.90196563496631110
  0.90293572849369907  0.90392591933731181  0.90490769529320148  0.90589329329508250
  0.90688031242061806  0.90786373301282519  0.90886004488143601  0.90983556771452334
  0.91081470885425320  0.91178326394277820  0.91275689513985614  0.91373368273667499
  0.91471171741089174  0.91569347865535811  0.91667300194250978  0.91765975415878376
  0.91865377080027943  0.91965472217980071  0.92065158716519935  0.92164922444593878
  0.92264881702016444  0.92365108440962795  0.92464732897499069  0.92564216449592229
  0.92663781899711628  0.92763927797008872  0.92864712131777283  0.92965952401678542
  0.93066830730471273  0.93168321010172717  0.93270573218494024  0.93373860321116009
  0.93476917642785529  0.93580094038668826  0.93682185363004211  0.93785293530851632
  0.93889577632569177  0.93993988377887161  0.94098517059042353  0.94203530307727412
  0.94309373478090153  0.94416361369488810  0.94524059644017377  0.94631947221132617
  0.94740149119916195  0.94848794949544724  0.94958187415994788  0.95068010587004403
  0.95177989449082445  0.95287681687723758  0.95397421210546196  0.95507709621512860
  0.95618517853219753  0.95728830723581315  0.95840904590572240  0.95955481370962126
  0.96071025162814805  0.96187195692729532  0.96304379004371843  0.96421920139392081
  0.96539214045569399  0.96657490170707339  0.96777036596268473  0.96897548243092291
  0.97019130994015168  0.97142081805831670  0.97265723661222203  0.97389076785081541
  0.97512373898355620  0.97636485023745734  0.97760908646977840  0.97885514987314315
  0.98000323452213178  0.98114942520347681  0.98229583223784034  0.98353739266518569
  0.98486224514127862  0.98620065550719271  0.98755107662463226  0.98891438423665123
  0.99029115438946425  0.99167877120304682  0.99307316505152265  0.99447202033003923
  0.99587279465081879  0.99727862161197300  0.99864991748265686  1.00000000000000000
  0.30713694473529973  0.30920309386283801  0.31272106313660569  0.31732247090528687
  0.32231351734747504  0.32724888626811466  0.33217057681061507  0.33706448288870478
  0.34189435840938476  0.34670115028124243  0.35147404496874624  0.35617596864336482
  0.36057584963057021  0.36448146021956751  0.36839143338496050  0.37233294602284828
  0.37693664686516415  0.38152461499877616  0.38606692464898096  0.39059049541809693
  0.39510890146893707  0.39960420297632759  0.40406030689846550  0.40848792075175910
  0.41288455474918084  0.41724864709703308  0.42157352988431129  0.42589319209230503
  0.43021280922271277  0.43452889383027105  0.43880020838992589  0.44306171222008522
  0.44732299858787933  0.45159457680852555  0.45583357205740782  0.46002240597012095
  0.46417805658947225  0.46831955844333156  0.47245939836082262  0.47658528242145837
  0.48073891659880552  0.48490603918427372  0.48906823424306933  0.49321347753524725
  0.49735343914911939  0.50154472756257695  0.50577967914365440  0.51001999564373079
  0.51425895310173908  0.51850461488054334  0.52276890467768999  0.52704392102744113
  0.53130605917944229  0.53556950492193944  0.53985619288315290  0.54417174475607588
  0.54846155258837936  0.55269841516091889  0.55692762994822287  0.56116023355900857
  0.56547817897355934  0.56976269799622958  0.57407243175466838  0.57839182723708249
  0.58274972036375661  0.58712297489570531  0.59150285517232293  0.59589518223589244
  0.60027043376683209  0.60464998352987054  0.60906965192159501  0.61353085668853946
  0.61801018360570226  0.62250709885501077  0.62699540313300473  0.63149690805964309
  0.63601416424205459  0.64057728458451302  0.64508907378555902  0.64974337957589046
  0.65441856029798473  0.65916018408287991  0.66393547442936540  0.66877851210372830
  0.67367989775510784  0.67863048819958882  0.68375044726613932  0.68808753702244441
  0.69127109708143897  0.69202341418787039  0.69268945316326314  0.69343407942688662
  0.69437528121437031  0.69531648300185389  0.69625768478933758  1.00000000000000000
   1.3827806753358894E-009  -1.0000000000000000     
 F F F F F F F F F F F F F F F F F F F F F F F F F F F F F F F F
  <DiscreteSampler_grid>
  grouped_processes
  1 # 1 for a reference and 2 for a running grid.
  10 # Attribute 'min_bin_probing_points' of the grid.
  1 # Attribute 'grid_mode' of the grid. 1=='default',2=='initialization'
  0.0000000000000000 # Attribute 'small_contrib_threshold' of the grid.
  0.5000000000000000 # Attribute 'damping_power' of the grid.
 # binID   n_entries weight   weight_sqr   abs_weight
    10   10   2.700527779548448E+004   2.201964714856516E+009   2.700527779548448E+004
    11   10   2.700527779548448E+004   2.201964714856516E+009   2.700527779548448E+004
  </DiscreteSampler_grid>
