  0.00937215566645864  0.01644352255371576  0.02479025879051015  0.03523116300799527
  0.04523666166332372  0.05514902125425819  0.06507432610084979  0.07505334422434652
  0.08518887766136025  0.09561221624082070  0.10629945101637520  0.11699106895632595
  0.12782447000596389  0.13879515862666139  0.14991044047178084  0.16116191444373260
  0.17250834985945201  0.18401001789540125  0.19545960982908947  0.20698228395309348
  0.21864859365137645  0.23051013961882483  0.24243981773457152  0.25441396310357778
  0.26644678096080904  0.27858118729956111  0.29091167407017410  0.30343961730721025
  0.31606872663872271  0.32874021062870462  0.34149178719529777  0.35429824669097199
  0.36717940856644476  0.38000567694733373  0.39281905439401710  0.40561904532930237
  0.41843729190582318  0.43130326195137259  0.44415929290341899  0.45696331212101726
  0.46972788943448140  0.48237378521242941  0.49489934428122900  0.50733845306152836
  0.51975237607332858  0.53213720448869717  0.54445901825911491  0.55667677789698966
  0.56879073741988651  0.58083964461328386  0.59281616822109440  0.60469086869025457
  0.61644784970802635  0.62800391052359184  0.63936301381945693  0.65056263281836757
  0.66165989137369741  0.67260893840463976  0.68343968887529749  0.69415576066092266
  0.70476390672701306  0.71523324923794840  0.72563035535058262  0.73584630579381127
  0.74598393244272498  0.75596410176064621  0.76585889220359171  0.77562420479066241
  0.78529516052364512  0.79478774545882869  0.80414939628438542  0.81336423830744842
  0.82251502849439806  0.83159644173202174  0.84057909828536714  0.84945398402580374
  0.85822711058366652  0.86689077451109109  0.87546469482903200  0.88392492048301996
  0.89227849887385613  0.90053969761451558  0.90872778756363704  0.91683318721847429
  0.92481369119131018  0.93269415214266438  0.94047552777217391  0.94816545420682119
  0.95579380057717434  0.96329450492627322  0.97069884734451128  0.97803808176090634
  0.98477361024368570  0.98934445181731823  0.99206464071058686  1.00000000000000000
 -0.00254502163997224  0.00968152597931053  0.01994063750340323  0.03065542109819263
  0.04136339419538030  0.05191611091877074  0.06249872409168537  0.07303910459329158
  0.08347838270329512  0.09380854293614700  0.10421243572135623  0.11464197174977288
  0.12518494541916453  0.13574557275073482  0.14640393380018230  0.15687838169905777
  0.16733482177049222  0.17779854070674256  0.18828952651443412  0.19872972378764456
  0.20921138830648897  0.21971035185197432  0.23029142081344894  0.24089005179745548
  0.25145616615550442  0.26204992322309978  0.27265090199325298  0.28325776426345961
  0.29383170550269666  0.30438483526072146  0.31489951134529537  0.32539171756695584
  0.33592765566306970  0.34648248419678290  0.35700376031179420  0.36759606307865955
  0.37815358406899652  0.38877989956953324  0.39930644686495026  0.40986350245140368
  0.42045941560307487  0.43098784816957936  0.44149854559610408  0.45181926351679325
  0.46215520982881936  0.47247769396994010  0.48288788523084708  0.49330987443539048
  0.50370646120539153  0.51413424354749493  0.52453381296121682  0.53495471914129666
  0.54538793907027572  0.55576444325471475  0.56625695186789182  0.57673553046530657
  0.58732594514446301  0.59776148989001687  0.60821536138091203  0.61865664832237155
  0.62919829860481702  0.63977479314102192  0.65041923799053181  0.66110579530305758
  0.67178190419675887  0.68244327626308465  0.69302199818483712  0.70362199000048864
  0.71425217751106351  0.72491615432566570  0.73542912570385632  0.74584848530533332
  0.75627515827142555  0.76686515717541737  0.77739512325673110  0.78793906099106437
  0.79847101899612982  0.80913311618344130  0.81969328037861222  0.83019189471528598
  0.84066016687692136  0.85116589925304109  0.86172660150832470  0.87231445511383188
  0.88310052493350544  0.89385731323560158  0.90459323804756075  0.91524061670508017
  0.92587308084823061  0.93645459127977737  0.94707062231558847  0.95770956404429264
  0.96832734723386993  0.97888939810668341  0.98938826335547347  1.00000000000000000
 -0.00165530195215423  0.00826625224262985  0.01748999589317209  0.02724243389139850
  0.03722900739236939  0.04728632882270285  0.05743011893238249  0.06772305139108023
  0.07811872752127229  0.08853038635616724  0.09891742292726366  0.10924423635585054
  0.11959536788441069  0.12996904364887937  0.14040142957829022  0.15085955445747259
  0.16124950414694367  0.17157659319696736  0.18182728519544514  0.19211160334245805
  0.20240679166639508  0.21274757809452549  0.22311330478112146  0.23350449840984822
  0.24392451059827655  0.25437975357707093  0.26486583111977774  0.27535554986097299
  0.28588950769283794  0.29648055621929925  0.30708123587475250  0.31763037810879308
  0.32814318584353974  0.33867585770861158  0.34917816763135656  0.35956091726991929
  0.36993189830958595  0.38031709959086613  0.39073805605709860  0.40112001037031569
  0.41146978119946426  0.42187192534358864  0.43226273869477011  0.44268008681013027
  0.45312478626339858  0.46370375865380381  0.47431545423239974  0.48497297120159433
  0.49551637579907565  0.50611262189052697  0.51665879603816289  0.52719342588364937
  0.53775114935575785  0.54836718569322918  0.55901340453234660  0.56959184920428652
  0.58008835602570852  0.59052246042900036  0.60097294772208509  0.61146799886618874
  0.62200938958658081  0.63255356033775401  0.64313995791829615  0.65381830371423000
  0.66453194386852565  0.67522140029504374  0.68584325774722155  0.69636277282011372
  0.70685467840774141  0.71739859721251242  0.72807631780150117  0.73878694155217617
  0.74941197636814050  0.75996724297382312  0.77050579756275672  0.78109242767405362
  0.79173460055813849  0.80241803682193424  0.81314041092608047  0.82383321478857074
  0.83447330816612120  0.84508076643396279  0.85569777154423665  0.86637028418812967
  0.87707921467930461  0.88784577377989704  0.89858048002699320  0.90926083139593306
  0.91995537819415929  0.93066842646818404  0.94149851074174506  0.95236512275228880
  0.96348946629607868  0.97477792075024416  0.98700349383859687  1.00000000000000000
  0.24869836304411408  0.25909264645188990  0.26812862159124667  0.27692510352889099
  0.28535753055300589  0.29351789149839186  0.30136126722858142  0.30900516715411308
  0.31645310873551696  0.32371109666905834  0.33083539773301379  0.33771918332901940
  0.34446652265313649  0.35115823446068239  0.35761109795420859  0.36393813910054007
  0.37019177791752289  0.37637651145094936  0.38242512720866878  0.38843306570570685
  0.39439635022444913  0.40025552572610079  0.40602675143728667  0.41174330258462549
  0.41741221166172576  0.42303734974683221  0.42863131514109576  0.43420118836482613
  0.43970809173564446  0.44515452162439800  0.45058536229026402  0.45601641278978389
  0.46141730547482318  0.46676346065650420  0.47209692236419509  0.47740058993453949
  0.48263754595630953  0.48780890268000265  0.49294298463989838  0.49807516684359432
  0.50319195743117973  0.50827746588951417  0.51332389451967220  0.51832831638819565
  0.52328981904159855  0.52822875698907090  0.53316612329938706  0.53809426625611612
  0.54300824208429721  0.54789745399347700  0.55279809908865585  0.55769032277801045
  0.56255129462532361  0.56737020082172751  0.57216568949960356  0.57695078293566693
  0.58170980616603152  0.58643798961443416  0.59114071315131245  0.59583879539349538
  0.60052382476010724  0.60517880604519425  0.60979616171738982  0.61438214372730648
  0.61894859564524940  0.62348770773516304  0.62799291509939714  0.63247282402429428
  0.63696970383076479  0.64148048620556264  0.64599957583501699  0.65050597743261418
  0.65498300283018429  0.65945485989007713  0.66393079503457852  0.66842831874757336
  0.67290711132500813  0.67739396652469419  0.68183464331318577  0.68627510428586247
  0.69070355633450053  0.69514272518791820  0.69957165185812109  0.70398590672028993
  0.70839362925655425  0.71280592570984236  0.71721908661048417  0.72161951880260466
  0.72597398296549331  0.73039017862818922  0.73490542238438228  0.73945257768536565
  0.74388658201371050  0.74869586323905291  0.75695834143040097  1.00000000000000000
   2.1978682282335245E-003  -1.0000000000000000     
 F F F F F F F F F F F F F F F F F F F F F F F F F F F F F F F F
  <DiscreteSampler_grid>
  grouped_processes
  1 # 1 for a reference and 2 for a running grid.
  10 # Attribute 'min_bin_probing_points' of the grid.
  1 # Attribute 'grid_mode' of the grid. 1=='default',2=='initialization'
  0.0000000000000000 # Attribute 'small_contrib_threshold' of the grid.
  0.5000000000000000 # Attribute 'damping_power' of the grid.
 # binID   n_entries weight   weight_sqr   abs_weight
    10   10   1.835955746137239E+008   6.036012147435264E+016   1.835955746137239E+008
    11   10   1.835955746137239E+008   6.036012147435264E+016   1.835955746137239E+008
  </DiscreteSampler_grid>
