  0.02882787533808745  0.03670636529536732  0.04756612052718751  0.05661850900236699
  0.06489059388813988  0.07230841607093264  0.07959489162848088  0.08709449154284303
  0.09474404812657967  0.10260839793308776  0.11044656386050672  0.11830346709432403
  0.12611237854531090  0.13396105899548308  0.14185830223250770  0.14976323486278617
  0.15770041740883067  0.16577095786911553  0.17402799585178474  0.18253119069448398
  0.19113563633733047  0.19996662992996894  0.20856628408712807  0.21742814025828933
  0.22633857110038691  0.23535218246226058  0.24433085104543287  0.25342061013277212
  0.26258032232561068  0.27173857568118259  0.28093732353023515  0.29021884414266663
  0.29964896556054538  0.30919216169021374  0.31874083855538421  0.32832868164616369
  0.33808828670104607  0.34799842469631714  0.35798940684309233  0.36796985603059840
  0.37804243256597980  0.38818883078112948  0.39845786446002501  0.40875304149178321
  0.41884664815341721  0.42900676698253259  0.43926203409975417  0.44977976976896850
  0.46035127651073227  0.47106332498289299  0.48182954103057896  0.49272637687590093
  0.50356042247793897  0.51443823113947529  0.52525472957107111  0.53619194070733622
  0.54728244887243938  0.55841310382356812  0.56952183559337710  0.58060535430318216
  0.59185062892975138  0.60317591643270874  0.61455369035803620  0.62593025233329247
  0.63737498484789046  0.64877457676757644  0.66008002515678688  0.67132939537330971
  0.68263765252110475  0.69401124032599637  0.70533183849715431  0.71652930708292994
  0.72767841774212616  0.73891634185630573  0.75013933047816839  0.76129665441587180
  0.77241775076333785  0.78357270343537955  0.79470613809912805  0.80575656878903457
  0.81678295686836133  0.82792191419263994  0.83902777531280781  0.85002589973154619
  0.86103085499710508  0.87225286693918824  0.88411213972800295  0.89620374043576667
  0.90858535008590569  0.92094318332537495  0.93374919757979347  0.94826261523094657
  0.96304661105266098  0.97543501500800311  0.98705255620709853  1.00000000000000000
 -0.00228349476865630  0.01014677884432526  0.02052157776413902  0.03117189969035567
  0.04196802080685114  0.05288233935249950  0.06367156099996980  0.07426759910359271
  0.08486124566155863  0.09537113870066928  0.10590528039580976  0.11635326345433364
  0.12685675296063151  0.13739385502590731  0.14775343316234643  0.15804427442385660
  0.16840753417663221  0.17880551336034931  0.18915038455287272  0.19938031747860441
  0.20970753703068470  0.22022494818327873  0.23070047054552445  0.24130367008444473
  0.25189421781703875  0.26252496803436859  0.27313902271270479  0.28359110480878219
  0.29406194680297748  0.30432576601010025  0.31462614059053073  0.32483071997868695
  0.33512120324049932  0.34559082659492524  0.35607826449324220  0.36657131079635336
  0.37703454403448744  0.38753891190337525  0.39808163031753613  0.40838302904809248
  0.41868821294107633  0.42910114003539213  0.43964717476160203  0.45032318885858313
  0.46098001049260978  0.47159907166834453  0.48218039376783917  0.49273423104865033
  0.50336420967955786  0.51379320964022157  0.52418459896598435  0.53462186942435641
  0.54523168518932175  0.55603689227293518  0.56668610651758100  0.57736891677394020
  0.58809872631805937  0.59898351441207109  0.60979970485631707  0.62040096402789457
  0.63114936609070893  0.64190077824063985  0.65255818127594467  0.66296178541150952
  0.67342272664264746  0.68408980064802638  0.69474824744659136  0.70541448071357760
  0.71597013938181930  0.72653548931912570  0.73696946203667213  0.74688724333841894
  0.75697040107502334  0.76710380088583330  0.77792114850558236  0.78860208222765482
  0.79921018738023952  0.80962001416600238  0.81987674110564257  0.83014178788011739
  0.84082331938195520  0.85164986167991952  0.86249756523474852  0.87327903929010020
  0.88394274156153207  0.89464100340149944  0.90508496242342329  0.91547762438299152
  0.92580181440817222  0.93618696538317148  0.94673292458615632  0.95725288334623893
  0.96788983693171093  0.97866047362223896  0.98936739920284955  1.00000000000000000
  0.00353530742389683  0.01067683191919195  0.02018717198907558  0.02985643843913963
  0.03957039028730739  0.04914257503550162  0.05878428348900919  0.06841504987387012
  0.07802302094827129  0.08758804086417653  0.09713133211427950  0.10672848329053322
  0.11638342467043732  0.12604225912971587  0.13566672021407822  0.14526418221136825
  0.15485446266985670  0.16447798458180396  0.17414703672558629  0.18383142132547142
  0.19350911347992805  0.20316819473997574  0.21282288935135202  0.22248742442847161
  0.23212649314226250  0.24171351004379246  0.25127563844510931  0.26084663765879323
  0.27043152901032547  0.28003307863238225  0.28964142423668543  0.29923310424139909
  0.30880718613591834  0.31836356927158432  0.32791695489088502  0.33750968772480527
  0.34717129393310586  0.35691628433077632  0.36674158454793232  0.37656666935959621
  0.38637191009267052  0.39611511152601137  0.40583290665387761  0.41559622095056253
  0.42540425686787170  0.43520143309215320  0.44500222579567777  0.45482704942516083
  0.46462061575550695  0.47441800590056976  0.48422538959271633  0.49413109516676951
  0.50404123514628796  0.51394174148209637  0.52388912801211096  0.53388495577962947
  0.54388498105539729  0.55383138286175804  0.56378748112311483  0.57382674065639583
  0.58395216776750225  0.59413916929444954  0.60435585885337395  0.61463256256802457
  0.62497290888463541  0.63535823294823024  0.64572650648674379  0.65601993456960572
  0.66628503294142860  0.67657185807195408  0.68689289746647342  0.69739970069108337
  0.70801376998838661  0.71877642490122629  0.72957495406443540  0.74055171986601154
  0.75161508560139645  0.76275339012778964  0.77396497201665360  0.78525724557484666
  0.79660849945339840  0.80797088215753388  0.81936656994347579  0.83093389894751302
  0.84277929944792374  0.85474773926153147  0.86669806857026266  0.87887415813177638
  0.89152323618656337  0.90468485828151801  0.91830542781148505  0.93251748078791363
  0.94738371696387047  0.96348748487441849  0.98101620058493766  1.00000000000000000
  0.25446076466326728  0.26645093453443719  0.28332628760307976  0.29628250359356639
  0.30597960206902075  0.31422090091803756  0.32136904558148482  0.32833214673400135
  0.33510567781495287  0.34161950539250135  0.34798889480272049  0.35422462729161142
  0.36029457748048260  0.36632036289483788  0.37228696729050453  0.37816612700187335
  0.38397709185553069  0.38975083123310122  0.39548435483827982  0.40116119303744574
  0.40678442298688400  0.41233144722521509  0.41779662205253026  0.42321038156206064
  0.42859781186551099  0.43395634433992869  0.43927579473381961  0.44460153009361963
  0.44992789469522354  0.45523197371043361  0.46043806802514514  0.46562216592119515
  0.47079751573566930  0.47603073484676112  0.48121546477670635  0.48635260551027870
  0.49145803405021454  0.49649273582205161  0.50149677958356398  0.50641099314014493
  0.51133389651538752  0.51625404094140981  0.52115261518848011  0.52602999718821974
  0.53089155359497486  0.53572827136464607  0.54051491563205278  0.54518798855651518
  0.54987371301842747  0.55450168663630051  0.55914526897070982  0.56374595393557492
  0.56835514907224971  0.57298946867000922  0.57763887167107331  0.58225921208551368
  0.58680822800361798  0.59123724019048207  0.59562011696351380  0.59999685125392921
  0.60440954132869407  0.60875903121697861  0.61307275947320528  0.61736474147301490
  0.62164423473573283  0.62590670760335310  0.63012423329524148  0.63434389295227367
  0.63855130402165383  0.64275596880170194  0.64692972763447198  0.65106120758058739
  0.65518420536463373  0.65929761799881770  0.66341327006465534  0.66756566347973423
  0.67177943534183737  0.67595521313835127  0.68009573581171445  0.68420098827470011
  0.68831494907506818  0.69269813249169720  0.69720641705062558  0.70168507212080189
  0.70612256788732120  0.71068945710712883  0.71584023017559228  0.72212839742804158
  0.72870503839828327  0.73662119851536934  0.75548876282814703  0.75674541531847594
  0.76890578861638159  0.81103502230095503  0.85316425598552914  1.00000000000000000
   3.4687717496977980E-003  -1.0000000000000000     
 F F F F F F F F F F F F F F F F F F F F F F F F F F F F F F F F
  <DiscreteSampler_grid>
  grouped_processes
  1 # 1 for a reference and 2 for a running grid.
  10 # Attribute 'min_bin_probing_points' of the grid.
  1 # Attribute 'grid_mode' of the grid. 1=='default',2=='initialization'
  0.0000000000000000 # Attribute 'small_contrib_threshold' of the grid.
  0.5000000000000000 # Attribute 'damping_power' of the grid.
 # binID   n_entries weight   weight_sqr   abs_weight
    10   10   6.124868358298843E+005   3.993818977252002E+011   6.124868358298843E+005
    11   10   6.124868358298843E+005   3.993818977252003E+011   6.124868358298843E+005
  </DiscreteSampler_grid>
