  0.01925371517731390  0.03015660353314077  0.03935738759131522  0.04849755254448804
  0.05782540166606380  0.06747853169686242  0.07742067116084773  0.08750784913074169
  0.09781366093548885  0.10815168851155703  0.11868568722948396  0.12926393493722096
  0.13992792748481431  0.15066905839107581  0.16147095935169015  0.17222379918301800
  0.18295346462445738  0.19366742796577219  0.20471430962572915  0.21601802861523611
  0.22750642759524736  0.23898453007030043  0.25045740194080168  0.26212150543224777
  0.27392731014621485  0.28591511216262211  0.29793874193824521  0.31003388563745754
  0.32228005733637832  0.33469757568213038  0.34719046518819657  0.35970066638040665
  0.37226119894421622  0.38488433234392150  0.39750267686303586  0.40998809999778535
  0.42249684356941986  0.43507484017027687  0.44768319516127347  0.46027471819394311
  0.47271443287499471  0.48496772734099941  0.49710896949800465  0.50916055116603742
  0.52114180591341419  0.53309080124020369  0.54504673293905848  0.55698783792311157
  0.56879917045821438  0.58050633354905612  0.59208020049084586  0.60360065935202978
  0.61500383153814886  0.62633759828061775  0.63749143798677543  0.64851330629986315
  0.65943288679000078  0.67020795703107905  0.68083740225354650  0.69130810144935373
  0.70173183207693368  0.71202461720346366  0.72216961295113291  0.73218368640176168
  0.74207798537932779  0.75182249395676837  0.76146097842385552  0.77100831339810394
  0.78050025084385877  0.78995779251240816  0.79932527668968401  0.80855359739923693
  0.81758984885502017  0.82636496519802938  0.83505605142025485  0.84359454373115739
  0.85206691114470190  0.86044649019988328  0.86872825870838577  0.87696617286723377
  0.88514203661054003  0.89331012825181999  0.90136301319138235  0.90933447682575508
  0.91722975214361779  0.92503683207967724  0.93274580243639205  0.94030775965958346
  0.94772852331964985  0.95509260472505775  0.96242876936251798  0.96974775386108525
  0.97702703556987280  0.98405745154301227  0.98900486404925247  1.00000000000000000
 -0.00257929217149479  0.00974181043310873  0.02012951128966184  0.03093923037188821
  0.04169219714720452  0.05231772159342298  0.06285975171224431  0.07339440628969482
  0.08394752498916763  0.09436311105002840  0.10473889328287843  0.11519160380009011
  0.12564891558348251  0.13613505628359579  0.14663377254937021  0.15731602649739918
  0.16796967389411188  0.17863780227193504  0.18936039064740051  0.20002797080447524
  0.21062139676894290  0.22109894080259065  0.23151613072263966  0.24180455612252286
  0.25212944925742858  0.26248818628717191  0.27291482956449470  0.28327271870663251
  0.29367319209599391  0.30421041994953241  0.31488120817691184  0.32566195785376861
  0.33626770810162004  0.34670956376974621  0.35715428668442573  0.36764761477881513
  0.37818763366338060  0.38871468528840886  0.39922112982001673  0.40977047614599382
  0.42028006322507100  0.43090334027287325  0.44151156945527070  0.45205919115328019
  0.46252610078514927  0.47315378069885933  0.48376428883643130  0.49435478578795944
  0.50487978755623963  0.51535019679171812  0.52589749904993988  0.53639752632073334
  0.54697418629705963  0.55752637901392832  0.56798929609642002  0.57853330499270572
  0.58906855825189164  0.59963166012003355  0.61014571895636438  0.62070715568507906
  0.63127096179785736  0.64188279575143403  0.65249962329709432  0.66324931841633206
  0.67401879367256023  0.68476676982557694  0.69524377360432887  0.70571402691908758
  0.71619544318123174  0.72685478888567867  0.73738674914398694  0.74789974045008156
  0.75824781743679204  0.76873067377803073  0.77930016470790198  0.78990417530799140
  0.80046869114423769  0.81091912083595885  0.82138032238498759  0.83200858984264670
  0.84266260698396434  0.85351238883848679  0.86404392014641873  0.87462601434558507
  0.88500452354511505  0.89542828705033040  0.90585223620027344  0.91624957971888921
  0.92679175118124912  0.93722811329941469  0.94762776832437179  0.95801285056792507
  0.96847027811523811  0.97896316814753082  0.98941947704544508  1.00000000000000000
 -0.00119797668406725  0.00812417311133683  0.01690948360137273  0.02672321709551241
  0.03664911873770366  0.04676945560305270  0.05694540589862230  0.06725647818206790
  0.07771277898659272  0.08817471820899035  0.09858836480282514  0.10892550272120670
  0.11921203491481322  0.12955649618587467  0.14006041087049409  0.15064886944446401
  0.16127860483401435  0.17180421411464317  0.18233662093302119  0.19283535341081517
  0.20334084589246662  0.21376349184821344  0.22410934752232348  0.23454040724973807
  0.24504007813732881  0.25550359038034542  0.26586948210099098  0.27621124363994182
  0.28658994267485605  0.29696789591796663  0.30741755432901324  0.31799052715021559
  0.32863314357014972  0.33912946122699072  0.34954184488834644  0.35999292843014602
  0.37054892011492391  0.38102497774284400  0.39138022982656973  0.40175405737777425
  0.41220401651634997  0.42252380079145974  0.43284431690329639  0.44322104111848842
  0.45375133790429129  0.46430401604299160  0.47477664154735794  0.48540647066791220
  0.49606574561907452  0.50677556287205527  0.51750858847737868  0.52817520563436182
  0.53888267892940178  0.54942708291565234  0.55997940414270342  0.57046116267406843
  0.58096130274227609  0.59154114110092670  0.60212257211781828  0.61262206869760982
  0.62301932470601096  0.63352170846381695  0.64393596309919998  0.65436465514023801
  0.66474174911301664  0.67527040690396856  0.68582245530634234  0.69640043780948813
  0.70711635003380369  0.71790860559160863  0.72867124237315983  0.73923192500530566
  0.74972458583064261  0.76025921408154640  0.77088166473932740  0.78146454019466771
  0.79208166009878866  0.80256521825483151  0.81307214339979905  0.82339806600845322
  0.83381299841966816  0.84428564783151039  0.85486766308279416  0.86557442895046122
  0.87635126544294362  0.88731473277635564  0.89835350628296073  0.90938134079786204
  0.92036751383122195  0.93118653672727691  0.94192493423354828  0.95262870332888949
  0.96353634935401700  0.97491874491030606  0.98697813333406514  1.00000000000000000
  0.16671623128274077  0.26169573744739966  0.27174931236126970  0.28060643212068154
  0.28923280955592701  0.29752321454872471  0.30548430128857224  0.31319465888863079
  0.32056423963021480  0.32772920888463480  0.33472168402067320  0.34152099271296965
  0.34823582913103907  0.35486788574203820  0.36131191957246772  0.36764258124884114
  0.37386606045641563  0.37985765405708316  0.38581087225983240  0.39176904198942630
  0.39765516101007659  0.40343957644509426  0.40917412143384685  0.41486236859946590
  0.42049650176676018  0.42606119128871983  0.43160015812121155  0.43706204067071475
  0.44243794753774535  0.44778292353543309  0.45310708441055603  0.45840575189967320
  0.46357529607327602  0.46874786846332628  0.47393120765970709  0.47909239255655034
  0.48420627571532021  0.48925515782659057  0.49432247588938116  0.49937848064175672
  0.50436235303845522  0.50930033526358853  0.51424565119716825  0.51919455089039623
  0.52413374537109847  0.52904696466831935  0.53394628388998744  0.53883381314296741
  0.54367365381325783  0.54841001323304972  0.55314027333179749  0.55786431858402574
  0.56255753753518734  0.56723250315469709  0.57189344328564340  0.57657129269896812
  0.58126415182024138  0.58595145958772177  0.59061917722353152  0.59525619066218727
  0.59983997495760444  0.60438180773961392  0.60890194894982341  0.61343106292856708
  0.61797694076154541  0.62252448438436814  0.62706787474731007  0.63159734898676945
  0.63611438565618539  0.64061475232941689  0.64506834096074761  0.64947384124598051
  0.65383874390910868  0.65819073186871480  0.66253612993893007  0.66691593989031484
  0.67128261054448757  0.67565118771129995  0.68003672602286025  0.68441028580037733
  0.68883000131902183  0.69326004146042486  0.69765145084507973  0.70200337080619857
  0.70632975666063635  0.71065248152011695  0.71496836354284266  0.71928122992814825
  0.72358527927784366  0.72789930022816107  0.73222548917024499  0.73652488663046023
  0.74067760994052145  0.74526824879054621  0.75299998938730628  1.00000000000000000
   3.1826811321695639E-002  -1.0000000000000000     
 F F F F F F F F F F F F F F F F F F F F F F F F F F F F F F F F
  <DiscreteSampler_grid>
  grouped_processes
  1 # 1 for a reference and 2 for a running grid.
  10 # Attribute 'min_bin_probing_points' of the grid.
  1 # Attribute 'grid_mode' of the grid. 1=='default',2=='initialization'
  0.0000000000000000 # Attribute 'small_contrib_threshold' of the grid.
  0.5000000000000000 # Attribute 'damping_power' of the grid.
 # binID   n_entries weight   weight_sqr   abs_weight
    13   10   1.780418530095028E+008   4.970554974184612E+016   1.780418530095028E+008
    14   10   1.780418530095028E+008   4.970554974184613E+016   1.780418530095028E+008
    16   10   2.313456189736830E+008   8.574149190264773E+016   2.313456189736830E+008
    17   10   2.313456189736830E+008   8.574149190264771E+016   2.313456189736830E+008
  </DiscreteSampler_grid>
