  0.03642006831469686  0.04049529846262569  0.04588257285776913  0.05274343258728408
  0.05986549869815580  0.06697884577306175  0.07437923849041796  0.08185317807279499
  0.08965048752087026  0.09771456823536528  0.10567882531063430  0.11352424327318718
  0.12128688977860369  0.12921078833582539  0.13736355765187697  0.14564885441475922
  0.15395311958256092  0.16223568434779845  0.17058234604173192  0.17909644517344783
  0.18763533541079749  0.19620841300974826  0.20464834367276413  0.21317063779539341
  0.22167469284217398  0.23023327572891647  0.23908651403702985  0.24801853334280810
  0.25711785595559783  0.26625786514065719  0.27555136359339361  0.28497100952039400
  0.29443844563044147  0.30387408899673690  0.31338904808586032  0.32304365749515013
  0.33276508777674657  0.34247388686089447  0.35215945180381159  0.36194654005456744
  0.37183467431879358  0.38190242404361152  0.39210624832547880  0.40242759928727528
  0.41283470396013977  0.42337823430456684  0.43404427191831241  0.44477847496452633
  0.45551639411036254  0.46633309706933851  0.47720848897918999  0.48809945131973087
  0.49893117703911422  0.50976574132277774  0.52071649718238222  0.53182556496720779
  0.54298556299659229  0.55421358665388853  0.56544829190361579  0.57679503386117859
  0.58819327633598451  0.59961570723115465  0.61099488844704974  0.62235761971230108
  0.63365837400958225  0.64499626760009598  0.65613073146804624  0.66738968828467637
  0.67855364600469270  0.68971504935733507  0.70085344751847733  0.71199613182553312
  0.72323209841784830  0.73434387661420886  0.74534100641617862  0.75641969524120278
  0.76753269806029767  0.77860541418585860  0.78941420260023520  0.80005210867576415
  0.81071526966015095  0.82150842847041949  0.83244943877679023  0.84339198797996717
  0.85429786740795177  0.86527862553845880  0.87662314777393824  0.88848860539504637
  0.90059752818217631  0.91275050118362544  0.92517638260310753  0.93813258621943163
  0.95164564034989063  0.96613924971189702  0.98052269379962143  1.00000000000000000
 -0.00241178552382445  0.00987410150108103  0.02015295185672976  0.03073966100857643
  0.04113380165713666  0.05173617312039375  0.06239119313603213  0.07290773790835468
  0.08345245347403227  0.09398330640138966  0.10462157266073295  0.11504858859507892
  0.12555142092359378  0.13599273253119701  0.14648365118047305  0.15701351808119188
  0.16757085643649092  0.17808538934373269  0.18855517726728613  0.19906744077798053
  0.20958320258318908  0.21992703219654081  0.23022969386178488  0.24062335267684368
  0.25103326386100400  0.26158775583550981  0.27220514973837123  0.28296535565953246
  0.29365778487460126  0.30440350526912607  0.31509954404889862  0.32571749835899549
  0.33611691738401872  0.34665230083599352  0.35710278151692160  0.36783347966474972
  0.37844275236721447  0.38925000531897874  0.39980650970633064  0.41035398247914451
  0.42070879824121976  0.43111684621695912  0.44147322960548296  0.45189692787130359
  0.46238343382237629  0.47290320362864791  0.48347149014897373  0.49402045120917415
  0.50461018789032697  0.51520512492401083  0.52572906984063805  0.53626215341415850
  0.54683675282091937  0.55737507350990179  0.56805458768162875  0.57864718918904590
  0.58914390400430372  0.59931482513760836  0.60952680127115733  0.61983955506987165
  0.63039543766927952  0.64091351845368527  0.65151807951748941  0.66219545963929627
  0.67291065481793189  0.68357172601839133  0.69415434552457600  0.70473914929813020
  0.71530413579362018  0.72584571837684408  0.73636286527168704  0.74690464749265550
  0.75751755154372424  0.76809458192304880  0.77864865647337367  0.78921103321323438
  0.79983686409612731  0.81042148468363895  0.82106636341739503  0.83176353008268988
  0.84231274294175718  0.85259980509640743  0.86307478429679929  0.87364694513367991
  0.88436079394497646  0.89496499761415615  0.90552807061785212  0.91616550590313450
  0.92669393561958358  0.93739877457834531  0.94786407999522038  0.95841759799956372
  0.96887836290107654  0.97943810101532192  0.98970211321662116  1.00000000000000000
 -0.00090168155758219  0.00856488422133768  0.01753034356388018  0.02682096398468257
  0.03613325626703844  0.04553428502669962  0.05498127047745457  0.06441632153826847
  0.07384624764147389  0.08325075086463750  0.09265230808195350  0.10206175390257401
  0.11144562045429643  0.12079114314562261  0.13012207998668990  0.13947557427228863
  0.14886717359147511  0.15829478118057053  0.16773550853169281  0.17716910313738204
  0.18658307227906601  0.19596980018788143  0.20534597341010793  0.21473504474738464
  0.22413489297322489  0.23350943029432752  0.24284393492788889  0.25218287681501073
  0.26155039586963141  0.27093571833310148  0.28028797708061853  0.28963973733988607
  0.29902699178076159  0.30845273620739860  0.31789934439879580  0.32737232414441353
  0.33687117408205852  0.34640058861030254  0.35593196271865796  0.36544905080020873
  0.37497046763258957  0.38445713242014590  0.39398383568538908  0.40356437944679524
  0.41316702307826769  0.42276015905396697  0.43232230530636212  0.44191967103398311
  0.45155148805401307  0.46121606188227571  0.47090752913998146  0.48063788118178247
  0.49040919795290810  0.50021018743086443  0.51002647716193961  0.51987153842482781
  0.52974318299735113  0.53960759591586061  0.54948519508465765  0.55938595173652472
  0.56932884789994354  0.57931617540421088  0.58930171697726208  0.59926745966424144
  0.60921482392427972  0.61920219443937541  0.62927131988634899  0.63945101246820935
  0.64966360850675320  0.65995463615501049  0.67032472662057574  0.68081178054288871
  0.69135300227655727  0.70190736105491192  0.71251214679493025  0.72326470159901157
  0.73415983398355955  0.74512724454953261  0.75616031939775485  0.76726498353990435
  0.77853967956632764  0.78998841924324259  0.80166354808639040  0.81361214566556195
  0.82572353207261051  0.83799379289449483  0.85040325357441948  0.86310217940867429
  0.87632928979366098  0.89003239494447473  0.90445930284505482  0.91933063612592725
  0.93504020216705430  0.95237442552344753  0.97361451926286502  1.00000000000000000
  0.22880898326151108  0.27093794628922524  0.28210070174331026  0.29092748582304440
  0.29825050431251282  0.30506246588989794  0.31160449127820800  0.31771234912092222
  0.32354677753643130  0.32924658127413564  0.33477720404404171  0.34008396561150939
  0.34526999532163394  0.35039558757578110  0.35542338397781109  0.36033363364493526
  0.36516692184690946  0.36994564841608063  0.37466297897080408  0.37931056175854477
  0.38390163070873623  0.38850999197133435  0.39311989566571121  0.39767820873962234
  0.40220740483838907  0.40668072620918438  0.41111286162887084  0.41552592796799692
  0.41990144199774182  0.42428586718781991  0.42867104563409780  0.43301477631784213
  0.43732346430194480  0.44158137977796114  0.44583304996335116  0.45009609654685645
  0.45436767496275848  0.45863663433845114  0.46288626245383085  0.46712043710686396
  0.47132405490122620  0.47549402988208012  0.47967580171948043  0.48383409587849791
  0.48803057000400529  0.49224258901031476  0.49644160401496917  0.50065794425277543
  0.50488065829077267  0.50911151315302783  0.51331907808338828  0.51752497581358370
  0.52173921045373317  0.52599859774067603  0.53029748209606109  0.53460773334747136
  0.53891562872588517  0.54321480324695359  0.54750564019478654  0.55178865068707206
  0.55608139779343313  0.56037816984159738  0.56472483729737943  0.56910578535970535
  0.57347023384306428  0.57781270896016967  0.58221585195418346  0.58665303549422454
  0.59112930892646776  0.59556204543971558  0.60002106211483663  0.60450792259366137
  0.60908428618900645  0.61366068984019506  0.61824709715410908  0.62284630104823380
  0.62751595029395746  0.63226819882634877  0.63708814709948414  0.64197968413377160
  0.64694755821198879  0.65200769962614347  0.65712180333874248  0.66227203663521150
  0.66753974702862207  0.67297192313142584  0.67855421013519290  0.68424025115436238
  0.69021918888658318  0.69674346854110680  0.70384034943025942  0.71181656481508926
  0.72185203153422739  0.73863298139357569  0.75548521907285793  1.00000000000000000
   1.0034990580375706E-003  -1.0000000000000000     
 F F F F F F F F F F F F F F F F F F F F F F F F F F F F F F F F
  <DiscreteSampler_grid>
  grouped_processes
  1 # 1 for a reference and 2 for a running grid.
  10 # Attribute 'min_bin_probing_points' of the grid.
  1 # Attribute 'grid_mode' of the grid. 1=='default',2=='initialization'
  0.0000000000000000 # Attribute 'small_contrib_threshold' of the grid.
  0.5000000000000000 # Attribute 'damping_power' of the grid.
 # binID   n_entries weight   weight_sqr   abs_weight
    10   10   6.553653206607243E+005   4.738279281198126E+011   6.553653206607243E+005
    11   10   6.553653206607244E+005   4.738279281198127E+011   6.553653206607244E+005
  </DiscreteSampler_grid>
