  0.01180735389696926  0.01570505354025440  0.02348180549514805  0.03275503314112833
  0.04218948140247787  0.05170873699373877  0.06142917365672605  0.07127894712899568
  0.08127176850215594  0.09132848686680685  0.10139183189053247  0.11162701272418475
  0.12202674583012130  0.13263943692638719  0.14350169845842300  0.15442277033403706
  0.16554355114296798  0.17678969395670011  0.18817357556473135  0.19959380791052161
  0.21114380608643299  0.22284688880902950  0.23470832570400230  0.24658561582451968
  0.25846230632761047  0.27047732720064815  0.28276969177469918  0.29531062593042462
  0.30787003313986888  0.32043016463210044  0.33300276756283731  0.34555958224258254
  0.35810535386569753  0.37071889329093866  0.38346012900377957  0.39629897055952540
  0.40910282758811523  0.42187202219873965  0.43467022766291880  0.44746520152353564
  0.46019852648803072  0.47285125401931710  0.48544385842266763  0.49795667902358326
  0.51031862019157714  0.52268650589245769  0.53502023719680403  0.54729873217761005
  0.55943403665551106  0.57143233442903096  0.58332839823774152  0.59517971794222702
  0.60694194597980466  0.61859446521670913  0.63009987816367097  0.64149719903560332
  0.65267688064218277  0.66373149819570654  0.67466126284795735  0.68548653038023166
  0.69617527863043682  0.70677432704113019  0.71728410367489537  0.72760648961499108
  0.73778578908481807  0.74776571382629864  0.75764737587103004  0.76740942789301203
  0.77710112637171747  0.78668725633637870  0.79610503070507854  0.80539768162154857
  0.81460151127806701  0.82367583853388981  0.83259342016827831  0.84138118819440100
  0.85011621648547486  0.85879956303497462  0.86738877836380979  0.87588813815457167
  0.88424639836180119  0.89248567532041823  0.90055904476591209  0.90849467338596857
  0.91637874834937894  0.92422650321800193  0.93202377299900330  0.93976407689227370
  0.94744327055888955  0.95506962990254352  0.96253297782857716  0.96987089840651819
  0.97713214876922927  0.98413412025276015  0.98858815801894873  1.00000000000000000
 -0.00253016450133011  0.00961748762809091  0.01985489369194047  0.03039861951004159
  0.04099143493227282  0.05163102830670412  0.06228975065385680  0.07290929045747949
  0.08344264989667301  0.09395470284650709  0.10446634650587122  0.11500951175951765
  0.12559366492650165  0.13620981382586114  0.14693725763437882  0.15765483452796603
  0.16841391645874171  0.17912321018988706  0.18981209458979148  0.20041487556770402
  0.21091709944180104  0.22136098596603862  0.23178490955081110  0.24227292920015150
  0.25282262831550073  0.26333613804911588  0.27393281995826696  0.28455929089869730
  0.29522754863871387  0.30587193514471051  0.31650413483815915  0.32714578824413026
  0.33762557006139232  0.34798392500907083  0.35841886423071206  0.36885253794454465
  0.37930786769939945  0.38968933040852294  0.40015998036080036  0.41071209054865321
  0.42130530449407222  0.43185621088519327  0.44238772184107944  0.45289674748537084
  0.46337204340156474  0.47387709569504849  0.48433548435204377  0.49492747359312528
  0.50544611918820781  0.51588607078701298  0.52633583552198970  0.53670217256090258
  0.54713093126449941  0.55758902079229022  0.56814665565187983  0.57874394850226141
  0.58921627235403040  0.59968050589488009  0.61012032682216144  0.62059320887583558
  0.63107588154420591  0.64152469779779175  0.65196620990601495  0.66241648508589035
  0.67278278531091329  0.68320246551593911  0.69359695447092595  0.70409431720666749
  0.71461365491033746  0.72524337150478879  0.73590356822990999  0.74655248094890170
  0.75721263692759089  0.76793497903683650  0.77854473621642573  0.78915541021163615
  0.79972854658305126  0.81027061355871488  0.82066777459982598  0.83123702844773628
  0.84180760622194128  0.85243405108464587  0.86296707883919477  0.87348903081050489
  0.88399011177038855  0.89444940985398191  0.90500083850202151  0.91558579341715352
  0.92606955735151752  0.93658242724850671  0.94708830555180756  0.95765568580194782
  0.96819949008962991  0.97876398725180680  0.98937473246120533  1.00000000000000000
 -0.00121708629194970  0.00772166776429480  0.01637294091733024  0.02589285372441750
  0.03584141132613040  0.04601575775210550  0.05610446632760212  0.06636765791301961
  0.07669843921728427  0.08704930871428246  0.09741694983168565  0.10782843104633526
  0.11824776572897121  0.12863614721328967  0.13899346393396372  0.14939270394090667
  0.15979017082435434  0.17019583697287746  0.18062254897694438  0.19115166387085447
  0.20174075167775515  0.21224877351965543  0.22259662576300182  0.23291860552201438
  0.24328375382427533  0.25375094158676009  0.26423461681748944  0.27472168623135768
  0.28518582120484903  0.29559537380144524  0.30595201119523907  0.31631349783056573
  0.32667404588735854  0.33709662680513280  0.34760067091868546  0.35812803455246378
  0.36861501641922606  0.37909574052208067  0.38957296914768352  0.40008322950097186
  0.41059387586917101  0.42113858077995503  0.43172679268133696  0.44228300821255156
  0.45289173546828326  0.46353795475635812  0.47420002466967476  0.48484709604823789
  0.49546527431224302  0.50610657206879028  0.51676823552434659  0.52736759162143709
  0.53796782649191799  0.54849912647865906  0.55905986947130348  0.56964030188178205
  0.58028018392368619  0.59084399312237468  0.60130338497642444  0.61175093082075249
  0.62223605883182798  0.63286118839692918  0.64352822533072351  0.65426369667029449
  0.66496328485712242  0.67558982806094570  0.68624587430245909  0.69681466183149177
  0.70735731192818962  0.71785166561745750  0.72836688638338098  0.73886621740083303
  0.74934315614522795  0.75986277630826882  0.77037244615667433  0.78088616083227935
  0.79142265146314938  0.80202754687275424  0.81267994187626069  0.82329209633700295
  0.83392225846094858  0.84457652218982604  0.85527753475736501  0.86604650524801807
  0.87685534904620122  0.88774084466499381  0.89856214840771675  0.90927735347518035
  0.91997234180516174  0.93069431739276254  0.94157347333784125  0.95255099649405839
  0.96364208676969310  0.97488273694383920  0.98700319656873958  1.00000000000000000
  0.22145768238365884  0.25189491213067211  0.26223775946616168  0.27164691722908429
  0.28068354451319938  0.28948707155611564  0.29788850718930693  0.30601153024409461
  0.31390302477410859  0.32146048500268470  0.32886990527029675  0.33605012342607460
  0.34297065615366512  0.34980152350789689  0.35647774778387437  0.36300557457326282
  0.36942090930192567  0.37570660221873647  0.38188818908350930  0.38803299330317520
  0.39410133699428274  0.39999206930147879  0.40580689863253810  0.41164226479054200
  0.41743043746780029  0.42311645114825058  0.42871762901348925  0.43426591605114401
  0.43972078832702527  0.44511471776180828  0.45048321122138379  0.45584785813069040
  0.46115673126323253  0.46640960097531425  0.47164647543205035  0.47685944400930969
  0.48205686173382861  0.48722305185522385  0.49238410460139787  0.49750615779988827
  0.50257422694464704  0.50761513358594890  0.51266770582282772  0.51772992786884875
  0.52277896336836849  0.52778667247596223  0.53273782961394134  0.53766126305097195
  0.54254048669947841  0.54740780685864976  0.55224829908877759  0.55707316083495406
  0.56182910671784025  0.56660550625128869  0.57139509631852514  0.57620998652593414
  0.58100780860794965  0.58575682570057452  0.59044800368789307  0.59512033508941198
  0.59977392986214839  0.60444810030341833  0.60910148369000339  0.61373222344896283
  0.61830045156416524  0.62285472470540859  0.62736968259621950  0.63188692607394126
  0.63638898405048794  0.64087324966856973  0.64536200630898777  0.64983017371280949
  0.65430621217169138  0.65877110929131244  0.66323821810660366  0.66772300769726034
  0.67221213205064023  0.67671264819239285  0.68122126027843510  0.68574354840565210
  0.69026152452210809  0.69477218507225580  0.69927798987000100  0.70378573879992168
  0.70828348742290947  0.71276196237301781  0.71722997030621216  0.72168316565296586
  0.72613065696470003  0.73054929999487606  0.73496326728779771  0.73937758918979313
  0.74393110521919037  0.74884255077736639  0.75162847489336637  1.00000000000000000
   9.8041551590107249E-003  -1.0000000000000000     
 F F F F F F F F F F F F F F F F F F F F F F F F F F F F F F F F
  <DiscreteSampler_grid>
  grouped_processes
  1 # 1 for a reference and 2 for a running grid.
  10 # Attribute 'min_bin_probing_points' of the grid.
  1 # Attribute 'grid_mode' of the grid. 1=='default',2=='initialization'
  0.0000000000000000 # Attribute 'small_contrib_threshold' of the grid.
  0.5000000000000000 # Attribute 'damping_power' of the grid.
 # binID   n_entries weight   weight_sqr   abs_weight
    13   10   1.784364472064497E+008   4.932681282254993E+016   1.784364472064497E+008
    14   10   1.784364472064497E+008   4.932681282254994E+016   1.784364472064497E+008
    16   10   2.312443717819902E+008   8.536458873388395E+016   2.312443717819902E+008
    17   10   2.312443717819902E+008   8.536458873388395E+016   2.312443717819902E+008
  </DiscreteSampler_grid>
