  0.01153851118188031  0.01678857535512153  0.02493954012464090  0.03462185193201653
  0.04407395992140907  0.05358971879950771  0.06318849198346768  0.07303166837605270
  0.08313238400626560  0.09344037412132929  0.10382489906407120  0.11427578875580881
  0.12486767167899554  0.13551318888889852  0.14621284647386273  0.15702573656789892
  0.16799597641760122  0.17919827681411410  0.19050958581887609  0.20198584777519629
  0.21360286227767605  0.22534280343428706  0.23713697470042780  0.24891651386509162
  0.26075695921085495  0.27276465802671396  0.28496826118301255  0.29728367937705386
  0.30969073495878779  0.32218228112101976  0.33472367961850474  0.34726680256387316
  0.35985262122623768  0.37247092175047358  0.38516135038242955  0.39792275052631243
  0.41074437943589770  0.42355801429849299  0.43638647909320166  0.44924856651522771
  0.46211787600387416  0.47492794690663748  0.48761413980298535  0.50023227709792062
  0.51277874896768094  0.52525463545508178  0.53759851541648862  0.54986537942928704
  0.56207676193913714  0.57416016818132243  0.58610861283815952  0.59792437201049153
  0.60961730251548785  0.62115453167992751  0.63252613284226455  0.64380174160343506
  0.65500594862816075  0.66611603652053542  0.67703874730455571  0.68778844590996868
  0.69834808708763851  0.70876157975785092  0.71901219802116323  0.72918540683344979
  0.73925391257017681  0.74919539915750555  0.75900694257750256  0.76873956155729795
  0.77832056137906558  0.78776499253399612  0.79704845791871515  0.80623102067132346
  0.81534417966628181  0.82430623660416014  0.83319071860428551  0.84193896359865938
  0.85060620092589667  0.85921109126672945  0.86771156137817140  0.87609938103658358
  0.88430105503305068  0.89239558897024274  0.90039799296255718  0.90832463265930541
  0.91619729872049105  0.92399479145801366  0.93171929547189947  0.93936787673953548
  0.94693890588481600  0.95449086578456555  0.96194542351563539  0.96925951042937297
  0.97724799101986892  0.98458806772675622  0.98793517387011631  1.00000000000000000
 -0.00246135642341335  0.00957674229057552  0.01985221756726675  0.03031502279452431
  0.04087132292768682  0.05131004597183367  0.06178854772296424  0.07219492100929112
  0.08260583059713339  0.09302568939137063  0.10349789310017248  0.11400045378517523
  0.12454203946207058  0.13499647031956580  0.14541839424741906  0.15584676641019052
  0.16637087964702679  0.17688940793860464  0.18738651948326407  0.19791048019318361
  0.20854084859707639  0.21906280725104924  0.22951673243966253  0.23991551230810010
  0.25035485422752563  0.26079032795940665  0.27116568846896311  0.28171402877857415
  0.29230161779608377  0.30296849909507567  0.31359134621597673  0.32416760816875528
  0.33478084837697497  0.34545911297796750  0.35608902196014158  0.36660582943270986
  0.37718662862727032  0.38782642816115009  0.39849371951083962  0.40905907018976689
  0.41962610381400911  0.43014760532380958  0.44057286472674545  0.45102176327520621
  0.46158674668259531  0.47236613245097370  0.48305360431416294  0.49365634967990474
  0.50417097731839722  0.51474430628913659  0.52529867160727051  0.53577458484725993
  0.54623926331183104  0.55677165056115530  0.56730728278051257  0.57783306943895385
  0.58840309247122735  0.59897033171883773  0.60957934968276151  0.62010185302472476
  0.63074958879634846  0.64133381032443049  0.65198612857164329  0.66256894786272769
  0.67314917127796015  0.68353641989600822  0.69389980247523808  0.70422785249719611
  0.71472309920399546  0.72514706354049474  0.73563554854924817  0.74597052722871515
  0.75634441791504869  0.76672822729782253  0.77732940613325752  0.78804131259662058
  0.79873669942888337  0.80937834547211940  0.81987328664589643  0.83037337391764288
  0.84088186482452398  0.85140914617853580  0.86196089047718760  0.87246753676287458
  0.88314449838871845  0.89380111434392084  0.90449310663071514  0.91517696304722429
  0.92585692278531584  0.93654115709348007  0.94703688646616513  0.95758189362994317
  0.96813904723078592  0.97878423302447271  0.98938962975868028  1.00000000000000000
 -0.00126254504197145  0.00800785435820090  0.01677385356951623  0.02631217474749298
  0.03614793536273952  0.04621990949047718  0.05636509324866348  0.06655944267641539
  0.07681710692267027  0.08709207765898454  0.09734775187038222  0.10764011471089861
  0.11797537982233669  0.12833056331896886  0.13870676816095009  0.14916599991242252
  0.15967179920276953  0.17015402323175280  0.18056439465600699  0.19101222082912839
  0.20147399047843947  0.21195731629967562  0.22241505153008437  0.23286122473294135
  0.24332906081477482  0.25388800953368496  0.26446172126360340  0.27501137382520974
  0.28552274622224538  0.29600740035911638  0.30652409120573093  0.31711215075770305
  0.32776861571861388  0.33835064781186297  0.34891032751268525  0.35940696292179797
  0.36993797128772249  0.38042033069983933  0.39090613829272802  0.40144351540852086
  0.41194922341013923  0.42254612066659247  0.43315687974798850  0.44380849126128785
  0.45448187853782973  0.46506002662581619  0.47562917735265431  0.48613857839562846
  0.49662777863004914  0.50712348214277747  0.51760940793222154  0.52814078434753287
  0.53865404620744106  0.54920286896876480  0.55977335317994603  0.57033432596788358
  0.58088031863736744  0.59145583323368978  0.60207781125766846  0.61268801282498464
  0.62328330160398349  0.63384766142798143  0.64434565169657454  0.65482566211860582
  0.66531567072922215  0.67587248959841972  0.68646116201883600  0.69705578043801708
  0.70759008423157921  0.71811537066468867  0.72865683929105929  0.73926423189119383
  0.74986907427369964  0.76039424425247715  0.77089735720742913  0.78139843234004303
  0.79201095895792639  0.80269537143383884  0.81334340680973116  0.82389295351561709
  0.83439586612827088  0.84492654428612779  0.85555362227192877  0.86618767903081573
  0.87689593560866541  0.88762597880595850  0.89842193522147629  0.90925278407148824
  0.92003328619515323  0.93080090433243379  0.94160259509183586  0.95230630785915282
  0.96342750145644318  0.97477379483834514  0.98725705559231303  1.00000000000000000
  0.24829167046192252  0.25936539027135791  0.26860181389649701  0.27759569413845825
  0.28633617372470604  0.29479959398496464  0.30295611311922455  0.31087961193580471
  0.31846746915673158  0.32582657032679779  0.33305847932093041  0.33995764706866571
  0.34677727408449599  0.35348594551598167  0.36002039872857072  0.36646406628730216
  0.37280257284362511  0.37896583025337283  0.38499830256103629  0.39102115928303233
  0.39694585953259937  0.40281020107673227  0.40860210654334944  0.41435799801715378
  0.41997535706214867  0.42554758596122361  0.43108938185143264  0.43661758201152390
  0.44204302392941741  0.44741650216454365  0.45276012769602642  0.45806572598297912
  0.46329269964160963  0.46849178510804063  0.47368588508030973  0.47886935957037080
  0.48400622192747822  0.48911085704357971  0.49418069844902163  0.49922022489404128
  0.50420622182596009  0.50914426931570655  0.51407042196077246  0.51898330138021465
  0.52388596108404772  0.52876656643803455  0.53366026946617051  0.53856726726023341
  0.54343848157606889  0.54825395897082851  0.55301950193213767  0.55777918726819442
  0.56252170703768278  0.56725845132241404  0.57197435098840721  0.57668197232044582
  0.58139407505185636  0.58608867898803696  0.59072281660784554  0.59538525722573599
  0.60002109855267760  0.60462760881969813  0.60920027850295233  0.61376276818736353
  0.61832861691029128  0.62287153547262852  0.62737490619818281  0.63184958282389492
  0.63634167668843422  0.64081655326357811  0.64526526446694976  0.64970924439360855
  0.65414334890765991  0.65857347382359177  0.66298954824236733  0.66739002192122665
  0.67178654625101297  0.67617193551234944  0.68053795211929302  0.68488752481951853
  0.68922927470295647  0.69357630176530649  0.69792324156803232  0.70225729916105617
  0.70658699633500999  0.71091079936320845  0.71522626973815118  0.71955454588191481
  0.72387491322315078  0.72822999169717373  0.73230382271271666  0.73633174684868330
  0.74036023155751529  0.74495885807702888  0.74581847649524313  1.00000000000000000
   9.8068350422420673E-003  -1.0000000000000000     
 F F F F F F F F F F F F F F F F F F F F F F F F F F F F F F F F
  <DiscreteSampler_grid>
  grouped_processes
  1 # 1 for a reference and 2 for a running grid.
  10 # Attribute 'min_bin_probing_points' of the grid.
  1 # Attribute 'grid_mode' of the grid. 1=='default',2=='initialization'
  0.0000000000000000 # Attribute 'small_contrib_threshold' of the grid.
  0.5000000000000000 # Attribute 'damping_power' of the grid.
 # binID   n_entries weight   weight_sqr   abs_weight
    13   10   1.414137183910676E+008   3.551806444965340E+016   1.414137183910676E+008
    14   10   1.414137183910676E+008   3.551806444965340E+016   1.414137183910676E+008
    16   10   1.804131864969597E+008   5.762603647461918E+016   1.804131864969597E+008
    17   10   1.804131864969598E+008   5.762603647461918E+016   1.804131864969598E+008
  </DiscreteSampler_grid>
