  0.01199492948187798  0.01713028628416654  0.02545574298376526  0.03554677808743462
  0.04519827253616679  0.05488058638130165  0.06463406877630253  0.07448972929944375
  0.08450354731188479  0.09462224844645582  0.10485167624626303  0.11532820471345072
  0.12604139299515998  0.13683342185123823  0.14763940989954402  0.15845016365677767
  0.16948772985839139  0.18073931366313717  0.19205456312432775  0.20348968973939494
  0.21496278415839656  0.22648005371481736  0.23807428649232648  0.24984286026232688
  0.26178435795515004  0.27388780417357239  0.28610201284962605  0.29833090179427335
  0.31064116827561283  0.32313017719996795  0.33573634315198525  0.34834976426283515
  0.36098056247137644  0.37368185818207927  0.38644566953620668  0.39923113893049700
  0.41203127749499130  0.42474448356080591  0.43749847630454558  0.45020639007277885
  0.46291280889318120  0.47552229392291462  0.48813392137668193  0.50066295097266722
  0.51307157777281232  0.52533757510558621  0.53752820392308909  0.54962565366496119
  0.56161162585976554  0.57347700541276070  0.58525144080045521  0.59690259495006970
  0.60842150981163368  0.61982550931746505  0.63115017236720772  0.64237524376178501
  0.65345580170930051  0.66441271824641690  0.67525559472609964  0.68598636707273153
  0.69656196587563679  0.70706412107535199  0.71745151533904317  0.72775694635128751
  0.73785644666752515  0.74784374745917348  0.75767212588988009  0.76738594562117346
  0.77696109219747889  0.78647938649745230  0.79590452542378110  0.80522127570675783
  0.81445926403060653  0.82355730238177549  0.83257413897942134  0.84143731590393955
  0.85022186953942636  0.85885543928819685  0.86733870227034027  0.87573297262767724
  0.88399237685146981  0.89218215116078659  0.90026944472356996  0.90826205310311092
  0.91618450586646250  0.92401981399746824  0.93178440374013893  0.93947124778286217
  0.94705427077348592  0.95456687610833102  0.96201544821469220  0.96942953129646536
  0.97684029304280551  0.98396698624608692  0.98899703255611437  1.00000000000000000
 -0.00250129589012592  0.00943578563959445  0.01942583237603246  0.02992109482258555
  0.04036030263531686  0.05099756949105528  0.06152496205886286  0.07204774034557637
  0.08245929657215445  0.09291501154112605  0.10344396924942653  0.11397206601606549
  0.12454379474241563  0.13501527384812353  0.14552692462799358  0.15617223765602142
  0.16680184386366187  0.17744870155337936  0.18807507074828353  0.19878619802545694
  0.20951516099657513  0.22017601528420000  0.23072721004317626  0.24123590822415256
  0.25176729779914420  0.26234192525242245  0.27294168906024280  0.28346302992316125
  0.29386338302314313  0.30420972696576454  0.31466584815893589  0.32527665677356737
  0.33586012517990349  0.34627817647822995  0.35670515048492435  0.36718508125692811
  0.37764600569266954  0.38805903522694207  0.39842524996731499  0.40884952375093947
  0.41933234903790800  0.42983411995749654  0.44036675560664634  0.45081641391541644
  0.46123128317986428  0.47165350439461373  0.48209373036382591  0.49257545086584664
  0.50301825348860307  0.51358739251667418  0.52418297635359357  0.53480402451092179
  0.54545538282187500  0.55601955118959301  0.56653528004652165  0.57697233585439756
  0.58749321059990101  0.59802386773481853  0.60851610506407972  0.61901483417975534
  0.62957989034785966  0.64012165925436793  0.65066343077319766  0.66125423267301442
  0.67195874986287740  0.68263597118957653  0.69323311349851469  0.70376092474818919
  0.71428606271350248  0.72477572953008618  0.73525962124732891  0.74572547670202860
  0.75614473491099443  0.76651211496455163  0.77680452606602746  0.78721367696620248
  0.79760585323556377  0.80809797956120033  0.81856367940348795  0.82904983023452572
  0.83956358221153959  0.85012796738991703  0.86082135143239580  0.87159815654144268
  0.88236914405477940  0.89312152115291810  0.90381550730206284  0.91454910774005849
  0.92519377670465941  0.93592433028658950  0.94661818732957481  0.95729990438716128
  0.96788388647407020  0.97854606287758694  0.98930288274179623  1.00000000000000000
 -0.00160879717780858  0.00769400596272526  0.01643279747077635  0.02592092484406652
  0.03566391962424105  0.04560385338211242  0.05569376344967275  0.06584721516736280
  0.07607208533784922  0.08638165052234124  0.09677133694836972  0.10715867914570172
  0.11753072737433684  0.12791060843730667  0.13829170864540025  0.14865957092710305
  0.15903199571644086  0.16940273332841860  0.17977573741921452  0.19021259029375576
  0.20073516656271276  0.21127350182346291  0.22175500299260534  0.23233465597592468
  0.24298651109325070  0.25362575715303126  0.26417817334375743  0.27469340525283059
  0.28525871472114123  0.29581742902446156  0.30631869574911080  0.31680711868697953
  0.32730993542240711  0.33791755933684137  0.34858032099251701  0.35924524409251996
  0.36991534592916925  0.38055936945353752  0.39118233559699528  0.40177646843993120
  0.41235339199430165  0.42295414116437191  0.43363072068830444  0.44420260512169318
  0.45471994261003212  0.46523755564704855  0.47574084281411783  0.48622066943416881
  0.49664298558572423  0.50710816718406493  0.51759238085966053  0.52810601201359331
  0.53863716555878272  0.54915656534653445  0.55968584862439841  0.57019270511402742
  0.58071687160485974  0.59123225964190707  0.60178681184187788  0.61232845368846955
  0.62289279898902927  0.63345384377500402  0.64400918493194170  0.65457400913368402
  0.66510833297307226  0.67561707277157645  0.68620678323981787  0.69691877117366241
  0.70768330072588082  0.71833405230735436  0.72902557707855542  0.73978691822444054
  0.75052529154919057  0.76119518331380975  0.77185462636382096  0.78249557243143841
  0.79305972672597103  0.80349935627490687  0.81397704739931498  0.82448649744251501
  0.83503830450841143  0.84558047867807207  0.85620343602817472  0.86679911619753802
  0.87736936569651058  0.88792765492970571  0.89863152023619752  0.90945154072667600
  0.92030003360493040  0.93107506475830903  0.94190672850920742  0.95278576840723328
  0.96388971532350620  0.97518910208841092  0.98730993087961516  1.00000000000000000
  0.17876682978349756  0.25987060277092167  0.26944192454399041  0.27814833929486449
  0.28660083614279414  0.29481886823832598  0.30271257455203882  0.31044458966063038
  0.31789734315040424  0.32511448833684470  0.33221637405469312  0.33912288477856212
  0.34587985941977945  0.35254150662299438  0.35903538111460520  0.36539645233514872
  0.37167494677810453  0.37784675371687088  0.38391722923476912  0.38994236708273761
  0.39592206657843920  0.40182880038787727  0.40767350966495708  0.41344483026966100
  0.41913252448713439  0.42476778648624719  0.43038118567941963  0.43595860172354584
  0.44147915302301516  0.44695566696562905  0.45239968827763866  0.45781130917512192
  0.46317768618896499  0.46851080474900991  0.47381830047186796  0.47907761234386415
  0.48429035216330873  0.48947064935265855  0.49463495745041192  0.49978293293028031
  0.50490995078071343  0.51002697588432322  0.51513177748784511  0.52021393914475811
  0.52524880987067046  0.53023922883885688  0.53519023977210356  0.54011785720229732
  0.54500926385739534  0.54989427227737642  0.55477575030325021  0.55967167211896518
  0.56453181548245579  0.56935642899850836  0.57414986825632008  0.57892517946411637
  0.58367652376536505  0.58835915777653658  0.59302589796655170  0.59767510810751667
  0.60233560124947183  0.60696101354124266  0.61156640932593376  0.61616427861974166
  0.62075306571207434  0.62532753151328901  0.62987643409599903  0.63440402333591550
  0.63892192825929994  0.64342709270082687  0.64791282773860559  0.65237265219142049
  0.65681737433443999  0.66124582843749669  0.66569089790864377  0.67012986477188685
  0.67455729162681521  0.67899729704839473  0.68344363832330424  0.68788101049808958
  0.69231660244971804  0.69673532504480773  0.70115817703626793  0.70559209465112438
  0.71002779001692240  0.71446116116734004  0.71888671964975104  0.72330034026237688
  0.72770323067765563  0.73210878203473051  0.73653405010506134  0.74095053147262002
  0.74554058869535977  0.74989008710321936  0.75089704990981176  1.00000000000000000
   2.1892423112602481E-003  -1.0000000000000000     
 F F F F F F F F F F F F F F F F F F F F F F F F F F F F F F F F
  <DiscreteSampler_grid>
  grouped_processes
  1 # 1 for a reference and 2 for a running grid.
  10 # Attribute 'min_bin_probing_points' of the grid.
  1 # Attribute 'grid_mode' of the grid. 1=='default',2=='initialization'
  0.0000000000000000 # Attribute 'small_contrib_threshold' of the grid.
  0.5000000000000000 # Attribute 'damping_power' of the grid.
 # binID   n_entries weight   weight_sqr   abs_weight
    10   10   1.817563374018493E+008   6.700493092434910E+016   1.817563374018493E+008
    11   10   1.817563374018493E+008   6.700493092434910E+016   1.817563374018493E+008
  </DiscreteSampler_grid>
