  0.03184637436069102  0.03713392968334530  0.04441314565566118  0.05311223497257699
  0.06157597788350806  0.06907718527119275  0.07622774330473069  0.08353082500178804
  0.09088471130765195  0.09819882801086642  0.10552139343141559  0.11283853421967940
  0.12026409057910917  0.12779090287590625  0.13543188777933890  0.14315274902788641
  0.15092186645241995  0.15878884182727440  0.16667184700265578  0.17462627632357716
  0.18271069921892230  0.19097716021967362  0.19939081789838228  0.20786362739038736
  0.21638101043774302  0.22497041383328131  0.23363881228204428  0.24240464957302008
  0.25130656328281592  0.26033567602675795  0.26948923130805175  0.27883346511822482
  0.28828340401079838  0.29776441347206095  0.30728967303226690  0.31682104051126325
  0.32645234180121230  0.33612816497467113  0.34583166150597394  0.35563311045157742
  0.36552547379211869  0.37551773985980591  0.38566397226183657  0.39590722978794196
  0.40614458159181893  0.41643519142516272  0.42682259493409785  0.43734271936004104
  0.44788843975866471  0.45847641452878968  0.46912699619682263  0.47982976166566854
  0.49067472686537467  0.50152205078185175  0.51241146971330154  0.52332606400291715
  0.53440079188600542  0.54540243372098285  0.55641219464035074  0.56757619871882115
  0.57886989553574031  0.59015698323091148  0.60143858075617862  0.61275500395482008
  0.62413661278471122  0.63562540306775117  0.64718928990929259  0.65872259863331784
  0.67014877331720801  0.68145151047940733  0.69257002286225178  0.70359770893905582
  0.71467030749368854  0.72595825029610950  0.73734738029694336  0.74867546535207274
  0.75990758795553082  0.77115504251812805  0.78239658587249283  0.79350249871036249
  0.80453557182785918  0.81546415188518928  0.82631309418205234  0.83722806573182051
  0.84832321661661991  0.85973977612809815  0.87146455931804023  0.88365494582215143
  0.89614893949700614  0.90862411890585226  0.92137091667084159  0.93496536504690342
  0.94882868400955267  0.96272239177375873  0.97875085279116403  1.00000000000000000
 -0.00252775720917681  0.00944726691286314  0.01964474682981070  0.03022855570321060
  0.04074508381678458  0.05123082144668460  0.06163253056482504  0.07194793305331136
  0.08225444673541638  0.09265249717949126  0.10309378027143949  0.11371764284758032
  0.12417143284615280  0.13461882962675129  0.14507336965584144  0.15577726688255344
  0.16643900489009622  0.17688013928152402  0.18743409181518300  0.19802171876994681
  0.20863132431148226  0.21910663596626384  0.22969401893878813  0.24034900092376643
  0.25075249547208894  0.26127303743788222  0.27193037045402807  0.28283643841293421
  0.29360808317084686  0.30419291703885115  0.31468103894635818  0.32499373444246599
  0.33528156212310051  0.34564075301972857  0.35615861834238027  0.36685034237071146
  0.37738497358152451  0.38788038922470558  0.39840910080663222  0.40901278779409633
  0.41957684552709096  0.43003536492124317  0.44049610312274023  0.45103849347040859
  0.46158397772225568  0.47235478244707391  0.48299638936786105  0.49363248507730073
  0.50413736794552744  0.51456914206749849  0.52508313961159703  0.53552478918229784
  0.54599113014133849  0.55640834043869292  0.56695991307996529  0.57753925104683246
  0.58812390879340770  0.59870182642549474  0.60928052735613036  0.61991633993923034
  0.63046351271990964  0.64107111224590518  0.65156148196865626  0.66208064983739523
  0.67247272845104722  0.68271488223190113  0.69306385802356851  0.70349549309639936
  0.71404842571481852  0.72461425170065530  0.73524733073786930  0.74607471474332598
  0.75673983885559715  0.76759095662456445  0.77820109230872292  0.78883660617347351
  0.79927992738326659  0.80976912789068167  0.82023347604968266  0.83079001568905553
  0.84138463496274496  0.85192408470771008  0.86242923509418601  0.87302223197154394
  0.88378265166185010  0.89456315686316823  0.90514823080872908  0.91567375859566280
  0.92617888469936649  0.93676373645331812  0.94713659381574500  0.95765716644838916
  0.96819725570553816  0.97895862627989394  0.98949413072859460  1.00000000000000000
 -0.00139585778949263  0.01712940195489249  0.02716115143482831  0.03637799984830937
  0.04580475189403199  0.05521268141663872  0.06467991544669660  0.07422712047736739
  0.08382170205216252  0.09344551384353925  0.10306847028788366  0.11266849196010376
  0.12222708587699725  0.13171436943671988  0.14115046199930179  0.15058256754232144
  0.16002935367404811  0.16950005294206910  0.17898734438522693  0.18847775957462221
  0.19799093907990323  0.20754595889717767  0.21714632472162695  0.22677874958739064
  0.23637987379542505  0.24596277071508804  0.25548550030729772  0.26501979168280715
  0.27453892031484523  0.28408240558428555  0.29360374093034791  0.30310549244967577
  0.31259121266613138  0.32210576147279690  0.33162302491276940  0.34114102337618163
  0.35062763342059106  0.36019697709184062  0.36980467455406685  0.37947955637044711
  0.38917130261027388  0.39885284877874577  0.40856271443033804  0.41823758742047329
  0.42785195373262191  0.43743608750058971  0.44702165084479900  0.45665767986196915
  0.46636421217689356  0.47609070313065965  0.48586144675290494  0.49560186652166771
  0.50534791951132474  0.51514683386097437  0.52502020227595114  0.53491058255981494
  0.54485216042201978  0.55483405169709843  0.56485717451151818  0.57482475637962882
  0.58468708726824836  0.59461557792304987  0.60452406012773097  0.61462870782275125
  0.62473938871889356  0.63494394596727610  0.64515519014633527  0.65540423924329294
  0.66572395513041416  0.67613370541196927  0.68662639568312778  0.69716705035064630
  0.70765507642875169  0.71822955474231276  0.72886767836106914  0.73965804503263088
  0.75061235428843087  0.76172410191518369  0.77292310858924518  0.78412540160485300
  0.79546571446592651  0.80691821547491771  0.81831397415558693  0.82977462746966868
  0.84144238537094285  0.85327803690873383  0.86509288991117994  0.87698368585046205
  0.88919570660397806  0.90196032898095369  0.91529830025947012  0.92921383369646837
  0.94386177788385395  0.95984574412533763  0.97851893870932360  1.00000000000000000
  0.16150395684586569  0.23637036949146162  0.26858161333347397  0.27829911384643180
  0.28872600249007863  0.29807821509052879  0.30650209215570723  0.31410308058018860
  0.32094193913102431  0.32743833888476415  0.33371344111049556  0.33981728814883705
  0.34577468712623061  0.35164993500135616  0.35726890974554459  0.36276850685824785
  0.36826969509088425  0.37374384142160944  0.37911439225337190  0.38441908118495188
  0.38969039146491408  0.39492543270746144  0.40007711544161262  0.40518403942644238
  0.41027655508819738  0.41536487307840420  0.42042693364636091  0.42545824768836493
  0.43048591977053369  0.43552609102766132  0.44051680538782501  0.44545322107899332
  0.45033939211021701  0.45522680754181388  0.46011583599577743  0.46500061795384517
  0.46981980949420127  0.47460819706216123  0.47934449279312347  0.48411072649361520
  0.48891796104287444  0.49377017255881389  0.49864444973315991  0.50346535581743423
  0.50820136255318771  0.51286822994133574  0.51752389863964332  0.52220380511678655
  0.52689496172700490  0.53156551144036990  0.53618671681194907  0.54077526356449468
  0.54534155006929197  0.54987806226656166  0.55445483694456610  0.55907803954292778
  0.56372635018988093  0.56832728919065700  0.57287191173461960  0.57740072577123769
  0.58190282246394454  0.58637540312565750  0.59082362744675165  0.59526047128102488
  0.59968691663023721  0.60411541195457508  0.60846692966733429  0.61284565324402263
  0.61720348088218790  0.62158651568937995  0.62597022907172650  0.63034448335177862
  0.63473949626840842  0.63912769324855834  0.64349899585704962  0.64782918038289461
  0.65213061118951676  0.65641511448782230  0.66072704040538255  0.66509001908658982
  0.66949857687499292  0.67395108418945793  0.67841876460223094  0.68293118243743278
  0.68755968405537105  0.69231916361736745  0.69714851596672389  0.70201570654023138
  0.70673333146803485  0.71182449703175121  0.71697249954951259  0.72264132710146445
  0.72976676145311314  0.73745546796871353  0.77835627276634956  1.00000000000000000
   1.0270654306816287E-002  -1.0000000000000000     
 F F F F F F F F F F F F F F F F F F F F F F F F F F F F F F F F
  <DiscreteSampler_grid>
  grouped_processes
  1 # 1 for a reference and 2 for a running grid.
  10 # Attribute 'min_bin_probing_points' of the grid.
  1 # Attribute 'grid_mode' of the grid. 1=='default',2=='initialization'
  0.0000000000000000 # Attribute 'small_contrib_threshold' of the grid.
  0.5000000000000000 # Attribute 'damping_power' of the grid.
 # binID   n_entries weight   weight_sqr   abs_weight
    13   10   6.270155103138726E+005   4.294568402497665E+011   6.270155103138726E+005
    14   10   6.270155103138725E+005   4.294568402497664E+011   6.270155103138725E+005
    16   10   1.593970585856511E+005   2.997779811096386E+010   1.593970585856511E+005
    17   10   1.593970585856510E+005   2.997779811096386E+010   1.593970585856510E+005
  </DiscreteSampler_grid>
