  0.01197267327083743  0.01637593199534396  0.02427750491645977  0.03362019169486053
  0.04291883929960559  0.05231161463821538  0.06182861935079877  0.07149341952554021
  0.08127721179163866  0.09131640644940360  0.10143591474872436  0.11148487133929474
  0.12161994170493086  0.13194013643077857  0.14256874222187413  0.15337615568548235
  0.16436327470898157  0.17539867310188806  0.18637474244412855  0.19739076047124737
  0.20843963342448174  0.21960012693644293  0.23080496187555036  0.24228125535713557
  0.25385060528817388  0.26551159614721476  0.27721123958389549  0.28893670032062424
  0.30074150788310566  0.31261899230323398  0.32466617450504626  0.33693681917696905
  0.34943782574996396  0.36199176147614304  0.37449800910569486  0.38692408199170414
  0.39927479501065821  0.41153969849345950  0.42379943571444673  0.43609911214166158
  0.44833604577772718  0.46062301326456373  0.47293177200435754  0.48520971750386976
  0.49740360255237664  0.50959455987588398  0.52179299749358210  0.53392759612426466
  0.54595611702069058  0.55792631452467367  0.56979517296994675  0.58160671411472087
  0.59336894670455265  0.60501682355360997  0.61655427731552481  0.62802154342782490
  0.63948151102762218  0.65080209103294140  0.66197850829717175  0.67302937282639408
  0.68396248809825055  0.69469769917023338  0.70540139067993601  0.71596914547228707
  0.72650846275875169  0.73670012452966516  0.74678506120852028  0.75679136623283660
  0.76678411272934777  0.77657037373278182  0.78629487352531680  0.79598098974923648
  0.80562245827892098  0.81512488081684453  0.82444965595248576  0.83368893226821761
  0.84279529704427003  0.85185626231244926  0.86078903743586743  0.86964146702876155
  0.87825963010249564  0.88677541511315439  0.89514408281575619  0.90341898866928871
  0.91158571119119636  0.91965499338398604  0.92765950882459869  0.93561409915559324
  0.94355919303963565  0.95153769098788232  0.95955819297814404  0.96762204472859015
  0.97561294720684444  0.98325163397943971  0.98895336557840030  1.00000000000000000
 -0.00221337364909555  0.00985850548105081  0.02000788348235447  0.03039981210350122
  0.04098387154675472  0.05157116623992511  0.06222579787500447  0.07277492899066153
  0.08324696853820110  0.09376549522739666  0.10428560397019071  0.11514237714143913
  0.12594405669199002  0.13654325183318758  0.14694788463143232  0.15731203173175046
  0.16772081359332816  0.17814459680469030  0.18846408591218441  0.19880515742833266
  0.20913965638014170  0.21958505659504440  0.23015665909422164  0.24070387001165128
  0.25125507085416282  0.26166194081714905  0.27207093670600502  0.28250889073901925
  0.29298178559425941  0.30346508994802796  0.31383493441456772  0.32421673005620832
  0.33467407160067331  0.34521216615441630  0.35567147857506992  0.36626260477175010
  0.37678669126739650  0.38750504710942030  0.39834227513721443  0.40931238229164763
  0.42013815309713531  0.43074550188275396  0.44130608151695383  0.45189730146347062
  0.46250267734755740  0.47321430217226601  0.48386233591270866  0.49463506903481358
  0.50530637944916390  0.51607404924984646  0.52670959210327262  0.53728044840079692
  0.54784223052873204  0.55832467244164219  0.56874632397712321  0.57919992709029211
  0.58984012639799499  0.60067948175462271  0.61130869624879347  0.62175003903075921
  0.63209886070546473  0.64263051868162924  0.65316724838798290  0.66370171705071423
  0.67422693217360552  0.68484793744545502  0.69549546021709818  0.70602951757891008
  0.71646328466030251  0.72693214255322536  0.73745228244764605  0.74799541775639578
  0.75859291228856973  0.76917139729410422  0.77978412483654047  0.79026466062750467
  0.80065888529807194  0.81110148961514017  0.82175490575510157  0.83240268571734499
  0.84303596759373245  0.85354554276782768  0.86419601449833261  0.87485516719040946
  0.88544261987808170  0.89590305716029162  0.90628383306402838  0.91671451087639522
  0.92715059351028584  0.93748750881018994  0.94781967364341835  0.95817417421341078
  0.96869107602540494  0.97914296840260795  0.98961602907546442  1.00000000000000000
 -0.00085939351168253  0.00874720137125037  0.01807732269723585  0.02809329319829067
  0.03812681218153761  0.04825979426244534  0.05854833803390594  0.06895702485475398
  0.07950449593433616  0.08992953334791663  0.10019668531379310  0.11050125246350014
  0.12070989209530589  0.13103889291501486  0.14141504356003262  0.15191196722919334
  0.16235557046825039  0.17278804281046592  0.18331957497078655  0.19391160240474256
  0.20460204062691464  0.21523872955045806  0.22585583697193246  0.23640624301250890
  0.24694817753112933  0.25746013383127514  0.26793005696386796  0.27838409552855398
  0.28882101562161178  0.29935727767462106  0.30993817545575669  0.32056483378748346
  0.33114971912023783  0.34166484457880286  0.35212675867808169  0.36248927603706921
  0.37279158445512056  0.38302756455938392  0.39328671920356462  0.40361421330657632
  0.41397223825261148  0.42435448738635201  0.43476824799379421  0.44524645769508586
  0.45576486561501728  0.46629882188145472  0.47683208441786029  0.48727531235064120
  0.49762184501351420  0.50800417534836573  0.51843503109425038  0.52888050610651938
  0.53925720608188443  0.54966584759838455  0.56012949654062283  0.57069700890917863
  0.58124766518977999  0.59183720760684611  0.60244615158195280  0.61307751607857552
  0.62368574137933885  0.63420528378558316  0.64464363734778196  0.65502704766433195
  0.66545274085761053  0.67599011087818783  0.68656037296902261  0.69714492950483253
  0.70771598202958119  0.71838738546382008  0.72907076942012294  0.73968627380502694
  0.75021920765873018  0.76071435320618586  0.77127955212092525  0.78184842596983750
  0.79240160102411072  0.80297996492257850  0.81361897200457678  0.82436254784007978
  0.83507055469756541  0.84577045346649238  0.85638691440335579  0.86707034383841275
  0.87777062819613338  0.88845539517399030  0.89909514438648308  0.90990405144697084
  0.92084410842354569  0.93174400269993096  0.94269891725534494  0.95345482169235996
  0.96459558411200552  0.97560473519611512  0.98768046754712269  1.00000000000000000
  0.25006706800626266  0.26196443498764249  0.27338289458702436  0.28415621108440425
  0.29438826824295938  0.30410210867155701  0.31343076989060692  0.32222794788043774
  0.33077067670845806  0.33894804982450422  0.34689488791819201  0.35467045534489655
  0.36217129629464823  0.36947309573840592  0.37660805451357232  0.38351729119069305
  0.39029726279805455  0.39695180223721693  0.40345331495663850  0.40986471047122275
  0.41619421677392987  0.42245297806392162  0.42863464210316404  0.43473475755493851
  0.44071617143920988  0.44658913005409917  0.45239644969935949  0.45811236143186357
  0.46380200408602690  0.46948067529300652  0.47517457915732797  0.48080199752686548
  0.48635755178729928  0.49184309558135098  0.49726143820222030  0.50261200078658497
  0.50787892966490333  0.51313248918623222  0.51836848789045520  0.52353940119873821
  0.52864921734157710  0.53369140267856607  0.53870402648604643  0.54361538744084714
  0.54849073592418940  0.55329762222062595  0.55811379895123814  0.56286810361169348
  0.56754929633921647  0.57214299863922524  0.57669935265638483  0.58125643169681218
  0.58578913191134574  0.59028392673267416  0.59474441969449976  0.59917026396746664
  0.60353414489294155  0.60784430022479574  0.61213662513179101  0.61642231314411244
  0.62068640704516997  0.62491010466514663  0.62909207129332900  0.63324795489661634
  0.63737404284971644  0.64145789393539188  0.64551375560018498  0.64954100741700116
  0.65358606517333273  0.65760450257959235  0.66161415876787433  0.66557326726885901
  0.66948497803395846  0.67337368110261753  0.67724955410942167  0.68111425886601784
  0.68493530644331524  0.68869956285284306  0.69243707984658054  0.69618848657446675
  0.69996197915585912  0.70372210527920909  0.70742593883193028  0.71107056441393224
  0.71468072304827024  0.71829734633444520  0.72191494109729337  0.72551220653861448
  0.72910963770148041  0.73275787585915109  0.73640713609830055  0.74002125126799223
  0.74360057536867130  0.74714685114577928  0.77087962959770251  1.00000000000000000
   2.1626885872103956E-003  -1.0000000000000000     
 F F F F F F F F F F F F F F F F F F F F F F F F F F F F F F F F
  <DiscreteSampler_grid>
  grouped_processes
  1 # 1 for a reference and 2 for a running grid.
  10 # Attribute 'min_bin_probing_points' of the grid.
  1 # Attribute 'grid_mode' of the grid. 1=='default',2=='initialization'
  0.0000000000000000 # Attribute 'small_contrib_threshold' of the grid.
  0.5000000000000000 # Attribute 'damping_power' of the grid.
 # binID   n_entries weight   weight_sqr   abs_weight
    10   10   1.423666101702010E+008   3.902548373277162E+016   1.423666101702010E+008
    11   10   1.423666101702010E+008   3.902548373277161E+016   1.423666101702010E+008
  </DiscreteSampler_grid>
