  0.00733561091917493  0.01930168651134651  0.02821995760087268  0.03732670765075093
  0.04642639242636622  0.05574624213751762  0.06527685911376395  0.07513267374252657
  0.08503526403377037  0.09500944427837507  0.10509867694703381  0.11542645319149952
  0.12574238127639445  0.13601596641661590  0.14640565075158399  0.15697661821948805
  0.16762130937826211  0.17818372139935437  0.18884684089302237  0.19967353203186736
  0.21065710792580436  0.22186387852247896  0.23317930814581944  0.24456541412352081
  0.25618374611200428  0.26792577802587397  0.27974186360768494  0.29145865891397188
  0.30320070091077639  0.31504229814846535  0.32699463811675411  0.33909025592009462
  0.35124085067061617  0.36359114222880118  0.37600945015405157  0.38833172856610565
  0.40080491917961442  0.41339895790605774  0.42590436462078435  0.43824405130035637
  0.45058721725484208  0.46303830667755103  0.47558969914786647  0.48812351390190617
  0.50056633986637356  0.51295270823713202  0.52525286695299578  0.53737073732668761
  0.54928651539826601  0.56106755294256094  0.57288001731513361  0.58468315457964692
  0.59638048375930119  0.60780823656462146  0.61908538720765538  0.63038080877691482
  0.64166347502153875  0.65287241918113714  0.66400792925226115  0.67513032107148618
  0.68612280732294839  0.69667877170873693  0.70711136192182056  0.71744939719760281
  0.72772688843860678  0.73785083475791746  0.74780586837156460  0.75774842925371466
  0.76765870074101228  0.77757137862378511  0.78738010796009483  0.79698596928005250
  0.80639212077674893  0.81571588651996596  0.82498257407311282  0.83415429313065426
  0.84323072285160083  0.85222405818611213  0.86112798394100798  0.86997877847597804
  0.87872697616925710  0.88733473810135455  0.89583951671579221  0.90423740481933557
  0.91253970204097379  0.92074577299093974  0.92892417656300796  0.93712393907500080
  0.94530469115312288  0.95340622075799664  0.96138547975582500  0.96922433845421696
  0.97692307203790496  0.98453484702849947  0.99316774801054608  1.00000000000000000
 -0.00256349598520939  0.00954966033563672  0.01976660792007721  0.03024167641038564
  0.04068169510755384  0.05119423200482608  0.06160388270024671  0.07191549437128443
  0.08228293722582528  0.09288685127795078  0.10347836661855958  0.11398834617688225
  0.12450135668087051  0.13520459631892684  0.14601492542443850  0.15671587192375322
  0.16739247416406661  0.17797170108160862  0.18861008475205035  0.19909457637226161
  0.20958750297842133  0.22007421998934745  0.23064489567079741  0.24101060550176362
  0.25122701445470064  0.26155524566118987  0.27193242590340089  0.28237685090947329
  0.29273444582771513  0.30328052966521829  0.31383046490281291  0.32441260759659651
  0.33490408252501236  0.34556230331804799  0.35611803862201791  0.36671953510900585
  0.37712155725991392  0.38767420183485651  0.39813886201749327  0.40882993034478365
  0.41944808451614118  0.43015083886697925  0.44077645405825933  0.45140966052869996
  0.46205788505276457  0.47267056749447534  0.48343246168861509  0.49408429499135104
  0.50468442118271406  0.51509841851703642  0.52555028408957194  0.53600417417953383
  0.54646627747677567  0.55700970063278998  0.56753872266937577  0.57802769885810479
  0.58856107250530110  0.59901716642430913  0.60953210991706719  0.61997217624827838
  0.63042158623952693  0.64094540789668120  0.65144650906701718  0.66211130523017370
  0.67267824284300137  0.68326610510159624  0.69374906244055723  0.70432904837500032
  0.71493896238230192  0.72567057180331751  0.73625475617236802  0.74674605129844651
  0.75701713807621918  0.76739448068544247  0.77776563547980537  0.78833042485058102
  0.79880997432438516  0.80933400927870580  0.81995320460101095  0.83069322377800558
  0.84155579077975606  0.85226052178060008  0.86295155711023608  0.87366883937438944
  0.88440406889015588  0.89524670762426184  0.90588544815988981  0.91654501234826313
  0.92694627697643106  0.93749272327008526  0.94796096521439932  0.95847584383872908
  0.96897339290436713  0.97928001129425202  0.98966536267362659  1.00000000000000000
 -0.00147275363022011  0.00796030087517445  0.01683763458972453  0.02673880110602912
  0.03672455602140588  0.04680190789002063  0.05682456969425095  0.06717468383873286
  0.07773594969634848  0.08826863085417286  0.09877360203716670  0.10918610173233961
  0.11952326098528296  0.12987294067209051  0.14033161292602478  0.15087409597378593
  0.16138687270995822  0.17186590731663295  0.18228186587353193  0.19267287156518101
  0.20306438218965159  0.21344919181410130  0.22386022328383431  0.23416368702699178
  0.24443253162533732  0.25471377434307185  0.26508119573994221  0.27547774282624043
  0.28600244799776037  0.29662239528605938  0.30731402431962196  0.31787438692691483
  0.32837670330406221  0.33899961129518630  0.34962465833294304  0.36012147254327082
  0.37057521086128964  0.38122921619992717  0.39195146712815659  0.40264285731236527
  0.41323699475021808  0.42381415599242389  0.43437185215149876  0.44495762241740050
  0.45552853244520819  0.46600375684277839  0.47645650507954451  0.48694328553897498
  0.49743303840768688  0.50806213130598488  0.51868893033180297  0.52934643692894179
  0.53997917996198042  0.55071066671576629  0.56149151995645474  0.57218074155968668
  0.58279010481081883  0.59334865784353574  0.60394113761202017  0.61462156729605510
  0.62524613876468771  0.63584594034232245  0.64638987219905131  0.65696324639300296
  0.66761199431572127  0.67821173418255765  0.68879348635988979  0.69927205093686096
  0.70985222802354064  0.72049055452018218  0.73116271658884024  0.74173948539106804
  0.75231250077013179  0.76277882952877707  0.77327862394776037  0.78381798004284764
  0.79440579918874255  0.80497900021943847  0.81550138735314792  0.82603006725770312
  0.83645643655029733  0.84696951297658951  0.85757549232263675  0.86830521282812534
  0.87899477530018266  0.88963041396068965  0.90033402573723753  0.91114145173423999
  0.92208693381626727  0.93297046468176026  0.94374720983108673  0.95445892559899403
  0.96527902281690903  0.97619708719554799  0.98786499233441438  1.00000000000000000
  0.25213669438386715  0.26273273779961365  0.27399949718426542  0.28465446418171197
  0.29474877585953196  0.30437419788510728  0.31369746600694731  0.32254169347820905
  0.33120528750274231  0.33948883579329553  0.34752330371291013  0.35530345803777136
  0.36280501865649312  0.37008233429112314  0.37715468484595815  0.38403312610979135
  0.39082235246133795  0.39749199807173347  0.40399393852377585  0.41042608821994436
  0.41676905963359373  0.42298897758523224  0.42911922639961331  0.43518819058392727
  0.44117233684256696  0.44708746434968299  0.45292624422142308  0.45865211415603474
  0.46428630378242547  0.46989206314984533  0.47549020233441480  0.48103432502850174
  0.48650163067979790  0.49191562449794629  0.49726706069759313  0.50255914256695366
  0.50780903376371600  0.51304136012755286  0.51822589988365098  0.52331418613354930
  0.52831460033577271  0.53328452117981184  0.53826367145074261  0.54320526028428961
  0.54808353624204786  0.55291810989504508  0.55772743883606368  0.56251650692126764
  0.56724041069227904  0.57192258459182399  0.57656875470852509  0.58119011185792480
  0.58577874097369920  0.59033019484160287  0.59486587832854376  0.59937395245393055
  0.60385618760898130  0.60824695004701457  0.61256842921512145  0.61682386974042858
  0.62104019007689792  0.62523401806221035  0.62940612561276443  0.63355489439489876
  0.63768356145831651  0.64179407520217269  0.64587130455291908  0.64990068083564756
  0.65389524469871441  0.65787319922422005  0.66182726117302570  0.66575635023739765
  0.66963618029661920  0.67347892755224192  0.67731968675909593  0.68114514355165268
  0.68491807899816248  0.68865891055861617  0.69234525216030929  0.69602271199431975
  0.69968166935306575  0.70330687622684673  0.70691871063675904  0.71051574343799850
  0.71410154358634992  0.71768845596526121  0.72126371952328427  0.72480849744878728
  0.72833234318419682  0.73184759461859894  0.73538525444303793  0.73891684356921394
  0.74239619925887457  0.74589636081668587  0.76132965839829880  1.00000000000000000
   2.1368112395590754E-003  -1.0000000000000000     
 F F F F F F F F F F F F F F F F F F F F F F F F F F F F F F F F
  <DiscreteSampler_grid>
  grouped_processes
  1 # 1 for a reference and 2 for a running grid.
  10 # Attribute 'min_bin_probing_points' of the grid.
  1 # Attribute 'grid_mode' of the grid. 1=='default',2=='initialization'
  0.0000000000000000 # Attribute 'small_contrib_threshold' of the grid.
  0.5000000000000000 # Attribute 'damping_power' of the grid.
 # binID   n_entries weight   weight_sqr   abs_weight
    10   10   1.660371742437029E+008   3.867848977788946E+016   1.660371742437029E+008
    11   10   1.660371742437029E+008   3.867848977788945E+016   1.660371742437029E+008
  </DiscreteSampler_grid>
