  0.01112347535302682  0.01645429148842924  0.02364558160735959  0.03270489039401681
  0.04192172742929139  0.05140375591836120  0.06108078668334711  0.07086510198739203
  0.08078401403643487  0.09068125789888337  0.10068297601788419  0.11092145805593132
  0.12127826684456232  0.13178643399768064  0.14241038383324411  0.15325738614120224
  0.16408778956396292  0.17474175359423844  0.18547566350082736  0.19633668867485055
  0.20744231942150917  0.21853284930755232  0.22957115652994398  0.24061910799421060
  0.25199333069807561  0.26368272515937541  0.27537133353753052  0.28703073321215433
  0.29882889978397281  0.31075641618261363  0.32270502382839678  0.33475143710571820
  0.34705224403396301  0.35958596350367689  0.37216577093499192  0.38457334248155056
  0.39685484249742192  0.40910861775863305  0.42134799462576644  0.43351532669057236
  0.44573020352546916  0.45798559106234926  0.47021440092094052  0.48250538079972732
  0.49481422090195926  0.50704588782973326  0.51921727480424129  0.53143640862094155
  0.54365616715419651  0.55576537226535927  0.56787699140447701  0.57985780642363105
  0.59177685351573761  0.60349441191163189  0.61506014304222778  0.62654232498177431
  0.63801754280226952  0.64939463063570135  0.66053470576449669  0.67149726976936985
  0.68248014384080113  0.69338765317776430  0.70416553804939075  0.71470666224658419
  0.72505258082924373  0.73542020928898044  0.74566262168953112  0.75581215169274751
  0.76579146988995339  0.77564850567242993  0.78541140604959936  0.79515835348348352
  0.80473692216860238  0.81436521107462378  0.82377150446674874  0.83310034351180262
  0.84222934866533816  0.85128689336732877  0.86025358019723852  0.86915426440591770
  0.87792374646520521  0.88657163590436250  0.89506210032045763  0.90345978943356942
  0.91177344455187059  0.91999573718645145  0.92814409506102513  0.93624380679534946
  0.94428303232206179  0.95221664862253763  0.96006057413006329  0.96786066916154156
  0.97570029318131990  0.98341866130560851  0.98899802584919272  1.00000000000000000
 -0.00167009519141557  0.00963371544040110  0.01968648046786684  0.03023749741463693
  0.04076625472683267  0.05125268154902642  0.06175939513688643  0.07210118831514023
  0.08248644786976511  0.09278808989636794  0.10310390542140713  0.11361214501552987
  0.12405833782929838  0.13474960501261160  0.14525001234659538  0.15577646373436907
  0.16627455503216282  0.17685665588042987  0.18763968746986581  0.19843092645254118
  0.20912198341647115  0.21971279731639817  0.23014382940610617  0.24062600237165896
  0.25105441811001422  0.26167256897704799  0.27227693183577700  0.28287422434610660
  0.29344149677038356  0.30403885062361080  0.31467876388810362  0.32517719163408376
  0.33571561517749782  0.34615356841185468  0.35651860672232882  0.36692840766859658
  0.37737319059610208  0.38805404311272396  0.39870300600911635  0.40940671884412849
  0.41999509627680442  0.43055837564790328  0.44100798142847480  0.45139578295508692
  0.46188641334915342  0.47252435628941397  0.48312135382511262  0.49360912410632957
  0.50413862446396296  0.51480408933221444  0.52541885913610997  0.53595918186610136
  0.54649713389124699  0.55706286691903339  0.56763961669301821  0.57827107884372497
  0.58893502774943196  0.59951288759499433  0.61000199454615467  0.62059142814238255
  0.63136561802542146  0.64214350240639340  0.65288969875703129  0.66349342650639853
  0.67407251353163078  0.68456035351713374  0.69505655330866889  0.70556060072953608
  0.71604759993021649  0.72651296524389608  0.73700345497000419  0.74766090026768905
  0.75829942926710692  0.76883045328282562  0.77920700227670225  0.78957631218172886
  0.79998102187453601  0.81045188707955329  0.82096933195934441  0.83149213086630380
  0.84190685544608934  0.85237631153413707  0.86286740621520530  0.87331010392205688
  0.88379228615443328  0.89436401236501351  0.90508910621078908  0.91577017461341681
  0.92632166219449508  0.93682069052073014  0.94714038964183056  0.95748040450539285
  0.96800472322441178  0.97877117410342718  0.98943004925801470  1.00000000000000000
 -0.00160098569031073  0.00785298287493320  0.01689528243669623  0.02662307434944077
  0.03682212732935098  0.04727831313054971  0.05781631718155444  0.06826616145393545
  0.07869722351898112  0.08911346167058776  0.09956506291278323  0.10996654099456668
  0.12036302238243149  0.13075742020129702  0.14116123170214029  0.15152572420497734
  0.16185159503161894  0.17218931355683928  0.18256560842217129  0.19303449653364280
  0.20351218024942325  0.21397389585647780  0.22435222905164492  0.23480511563074671
  0.24528928403428563  0.25581070687471913  0.26629260402086435  0.27690687667635161
  0.28757339670318460  0.29814633021153814  0.30866712679899022  0.31918047690281964
  0.32966438143599736  0.34010457407329636  0.35051640926783889  0.36103589188597168
  0.37155753759767635  0.38212985664199806  0.39265128007483713  0.40325127448014364
  0.41383036266563095  0.42431346248746099  0.43474805017691265  0.44517932204203842
  0.45562180984416206  0.46589177717691838  0.47611231548865240  0.48649276718477796
  0.49701504780245898  0.50754675395170645  0.51801581404100649  0.52851318998029406
  0.53903016036844353  0.54959929452776823  0.56021105588847608  0.57072284084668290
  0.58122350792655930  0.59161033757941472  0.60194572976436000  0.61220203758167757
  0.62245915181005540  0.63288840217542375  0.64324415999773477  0.65362376429569857
  0.66398940531450146  0.67462196153221332  0.68523914940289277  0.69586582921542961
  0.70644872947849113  0.71709399187572254  0.72771808681323058  0.73836828633808826
  0.74892190504298362  0.75967498356514573  0.77044591359590575  0.78137601195829620
  0.79224347076889179  0.80317255073088756  0.81403345300638097  0.82470480476033314
  0.83528386839700863  0.84589791986190133  0.85655799201080518  0.86730222118855804
  0.87806712691891198  0.88881636501378580  0.89939790712135992  0.90983541367341070
  0.92042233332078616  0.93118885866656764  0.94208548845092166  0.95287055373815366
  0.96371373629288193  0.97481513154894994  0.98699886976977114  1.00000000000000000
  0.24903773296543524  0.26166058893125166  0.27293229828907783  0.28357697398545800
  0.29362309621461208  0.30316069749174551  0.31235907534962443  0.32107698950490260
  0.32954629130291108  0.33772305704436767  0.34557732724084372  0.35328465124894687
  0.36069497595006422  0.36786080918400599  0.37485095598657231  0.38167847325547666
  0.38844001985888532  0.39515027002793862  0.40170083522482769  0.40811109106837867
  0.41438076673067026  0.42049971675846937  0.42653034436478532  0.43254436242876665
  0.43846222830684706  0.44426144082840574  0.44999918134532146  0.45572234498660041
  0.46136932902454797  0.46693924613643861  0.47247233418710805  0.47796442704411968
  0.48342058769834317  0.48881438174659314  0.49418231800024576  0.49950726314842442
  0.50471946905181864  0.50995024404165612  0.51515038349839193  0.52027405931274784
  0.52527193417866658  0.53021473444069811  0.53512362031309635  0.54002325996971612
  0.54487758773452954  0.54969251806268138  0.55446285035266907  0.55918131927265213
  0.56388431095415559  0.56854465863635151  0.57319490027397668  0.57782314447665495
  0.58238051390332568  0.58684273254612174  0.59122954507015413  0.59561197481083916
  0.60001903613500029  0.60442469391163678  0.60875236583172943  0.61299509813426500
  0.61717783886416688  0.62131319803324836  0.62542138367759859  0.62951660382147723
  0.63362109129026289  0.63770608593206879  0.64176961495541318  0.64579112427476881
  0.64977245940444250  0.65372830928719816  0.65768667019354610  0.66161304046601377
  0.66550112728858357  0.66934177538732831  0.67314309422272345  0.67693480931234373
  0.68071144649110193  0.68447365028841101  0.68821402125528175  0.69192838374629839
  0.69562828182639869  0.69931391715262348  0.70297015536485707  0.70660826492059048
  0.71023775045574722  0.71387181640789044  0.71749890865673627  0.72109882467950170
  0.72462425100398398  0.72819159333974670  0.73187994047893856  0.73564192489080626
  0.73942361932046563  0.74321733770409970  0.86933544748616276  1.00000000000000000
   2.1692625984846615E-003  -1.0000000000000000     
 F F F F F F F F F F F F F F F F F F F F F F F F F F F F F F F F
  <DiscreteSampler_grid>
  grouped_processes
  1 # 1 for a reference and 2 for a running grid.
  10 # Attribute 'min_bin_probing_points' of the grid.
  1 # Attribute 'grid_mode' of the grid. 1=='default',2=='initialization'
  0.0000000000000000 # Attribute 'small_contrib_threshold' of the grid.
  0.5000000000000000 # Attribute 'damping_power' of the grid.
 # binID   n_entries weight   weight_sqr   abs_weight
    10   10   1.203104221026142E+008   2.543561463152205E+016   1.203104221026142E+008
    11   10   1.203104221026142E+008   2.543561463152205E+016   1.203104221026142E+008
  </DiscreteSampler_grid>
