  0.40169507076370692  0.40592728146669749  0.40902216275640141  0.41165067662187216
  0.41416934579268122  0.41796762073397337  0.42227759612549043  0.42500965435980154
  0.42992717669653352  0.44322290576633777  0.44586267497083742  0.44814764497338727
  0.45031187546372925  0.45248086934114967  0.45463918019146538  0.45681382086244920
  0.45894461794459179  0.46096181819796855  0.46280145779271414  0.46462052792236574
  0.46643906994523926  0.46825673935620027  0.47008740356705353  0.47194902930950061
  0.47382098720788163  0.47570149584520727  0.47755940372268724  0.47935596323659285
  0.48109757501362083  0.48282985793716782  0.48456171303764944  0.48627477243806527
  0.48797039366644795  0.48963307689552477  0.49125789187725905  0.49284419630880688
  0.49439410540356371  0.49592076576880101  0.49744130046042179  0.49896815576138465
  0.50049053293910006  0.50199180255381048  0.50348707659151826  0.50498312662227407
  0.50649857153145972  0.50804024551721005  0.50961786745164395  0.51124219774156288
  0.51289259848285240  0.51456072517973417  0.51624134793731657  0.51792914251645716
  0.51962173571797698  0.52134572530085010  0.52316335287394855  0.52496034322955920
  0.52675867811826482  0.52857285563579848  0.53035875222888818  0.53213331566491284
  0.53391593018726524  0.53570095588471645  0.53749760432589300  0.53947064736142947
  0.54153012620992513  0.54362862081719976  0.54572318751171167  0.54766637718074995
  0.54959709686724256  0.55154631795093101  0.55350508335904025  0.55544249201818696
  0.55751666774951336  0.55997822569359479  0.56452215424309193  0.56689831359072784
  0.56934621475553970  0.57206486811285884  0.57537564441084821  0.57852418498994818
  0.58173275312808570  0.58450169942059660  0.58957636055298335  0.59246269454776446
  0.59502413025873602  0.59787223874344708  0.60045034803248554  0.60250525977154201
  0.60822708206000065  0.62065897718849561  0.63479846228175030  0.65074176790514504
  0.65848017319165952  0.66204300656862602  0.66738483400481385  1.00000000000000000
 -0.00247529677851366  0.00945907886511915  0.01971043722762704  0.03030194913408015
  0.04092330019669232  0.05139962991066496  0.06196612068884967  0.07232521759905909
  0.08273462645365713  0.09305762117299500  0.10366675387097524  0.11437837487267069
  0.12507847434852318  0.13558475503566919  0.14617362502995895  0.15680350233736928
  0.16740353658940607  0.17778239100105891  0.18806816110019858  0.19851030488092930
  0.20897577443242563  0.21955200612626929  0.23012037761128815  0.24070936669032783
  0.25135784720186910  0.26202826948552560  0.27270952608386034  0.28330317697348223
  0.29380635091013030  0.30425432491512322  0.31469102763385037  0.32501861625974870
  0.33539163950881479  0.34583360218424936  0.35628080046696564  0.36685738781878524
  0.37736761163077004  0.38803102856438987  0.39871008594967999  0.40921162257202293
  0.41967408234736409  0.43017813843771835  0.44072662468876272  0.45116932333655613
  0.46163010020114181  0.47215528772141452  0.48258633977605514  0.49288751427773470
  0.50328975398856490  0.51401403018421754  0.52467887555979775  0.53537753247270159
  0.54596841970574361  0.55660350888385612  0.56731000909401486  0.57805868227721557
  0.58862376084506629  0.59912851059520777  0.60978391345290173  0.62057887892028063
  0.63116565829745119  0.64168155667792648  0.65218427731917272  0.66267581537483888
  0.67310114089378570  0.68346303644786521  0.69385741691457925  0.70439340504172232
  0.71505729396254325  0.72585997709088901  0.73653599760047361  0.74729299692003714
  0.75799073156288255  0.76865848556655725  0.77912324844246295  0.78958975430826228
  0.80005434148204890  0.81056633959025104  0.82102063499863698  0.83135702480398865
  0.84166525947994575  0.85200832373106528  0.86256816996034857  0.87329237765654288
  0.88412152476333516  0.89509064265183946  0.90579392268616887  0.91651000296806873
  0.92705582671894871  0.93773450029963512  0.94814373040728706  0.95852895111570668
  0.96879357699791657  0.97925134981912343  0.98964269130834281  1.00000000000000000
  0.51088420950226465  0.51621612089538893  0.52082434544999878  0.52706232880255655
  0.53391185758619542  0.54060873338002768  0.54712611442729842  0.55361814675406351
  0.56011075047416736  0.56649572228338485  0.57279401190696733  0.57901304792299046
  0.58516991212967573  0.59125360512385139  0.59735709522517622  0.60340990914905690
  0.60931200065624336  0.61510781246382840  0.62085966188229402  0.62655649492184828
  0.63223358552223730  0.63784975188493309  0.64337732361954558  0.64885117863951192
  0.65432278691544798  0.65980884174869314  0.66530968570931159  0.67089099168395760
  0.67645151118940672  0.68194269786977857  0.68736502461642490  0.69270443982653507
  0.69805138407762701  0.70340028553817602  0.70877712451906683  0.71406598476548999
  0.71926307860331107  0.72440776566431975  0.72952451158258513  0.73458510308749458
  0.73958846083245355  0.74456811841490678  0.74952630248001295  0.75447105913368939
  0.75936684849979552  0.76424401621217730  0.76910422803685208  0.77394098992057281
  0.77874291278728813  0.78353895851785549  0.78830823115842907  0.79302920526512988
  0.79770694145872911  0.80237862816928263  0.80707063505089349  0.81173173510460050
  0.81634316300905718  0.82091731428518622  0.82551166685210542  0.83006421136831021
  0.83458027235414600  0.83903485504575182  0.84348249309355727  0.84793576356366884
  0.85238127705477484  0.85678378717286574  0.86115728370936317  0.86550799601964956
  0.86984504798427764  0.87418517351312097  0.87853691689485225  0.88290156106249340
  0.88726771135175542  0.89163483237359109  0.89601218381167713  0.90039000738043318
  0.90476559451383975  0.90915241172642491  0.91356546254241722  0.91802731028548690
  0.92255295752855915  0.92708421611158587  0.93162067989513142  0.93617315459127848
  0.94085436377897713  0.94559698789887991  0.95043663041313942  0.95531680382862194
  0.96040644561893118  0.96564368053543348  0.97096774707639244  0.97637833672405183
  0.98203630636113848  0.98792842334796904  0.99393902517550137  1.00000000000000000
  0.30666382375141410  0.30943108845557993  0.31315491199030177  0.31812274662947315
  0.32339631491817877  0.32855953519871350  0.33366597723451918  0.33871548849434102
  0.34372962002706020  0.34869666079457740  0.35359735498184736  0.35841847458584608
  0.36319642541127878  0.36796272858661438  0.37271644077908811  0.37746039381313506
  0.38217781231658859  0.38685203630634318  0.39147615635065142  0.39609576813565656
  0.40071411511300764  0.40531352782789720  0.40987637722133163  0.41442373402551436
  0.41895758777271602  0.42347771116886229  0.42797305853921752  0.43246968464113217
  0.43694913926787571  0.44138505828411645  0.44580001921052598  0.45020021105581293
  0.45459768950397650  0.45896681648011900  0.46331192942227856  0.46765091287798860
  0.47197940895461776  0.47629417178101024  0.48057248271310365  0.48482275072604925
  0.48907606771022666  0.49333027946444191  0.49758848584264687  0.50184876523655408
  0.50608195536131784  0.51028525506213285  0.51445587778825208  0.51862020993211400
  0.52277671233837542  0.52692230944720064  0.53105583646561472  0.53517310571473942
  0.53927713036353464  0.54337880994036680  0.54747009851972306  0.55156153207604619
  0.55562651122208351  0.55968593914890818  0.56371553041277622  0.56772326782981297
  0.57171541214885602  0.57569370614709581  0.57966521219864253  0.58361544217187578
  0.58752852103516084  0.59142323846807643  0.59531040914930433  0.59918978973664949
  0.60306566167774411  0.60691728485782481  0.61074316523324201  0.61455430272602107
  0.61833420385981464  0.62208673760921163  0.62580953914198723  0.62950847964656964
  0.63319629764197238  0.63688779060495893  0.64057606127038103  0.64422448688555178
  0.64785178908144148  0.65140350912390299  0.65498081869034208  0.65854189502104188
  0.66208741941846450  0.66560879743719603  0.66909944493388207  0.67249568779178981
  0.67589850605329826  0.67929753678679705  0.68275615703258352  0.68632008143966838
  0.68886380564490124  0.69101594717113202  0.69267506509683430  1.00000000000000000
   3.4300877615238518E-008  -1.0000000000000000     
 F F F F F F F F F F F F F F F F F F F F F F F F F F F F F F F F
  <DiscreteSampler_grid>
  grouped_processes
  1 # 1 for a reference and 2 for a running grid.
  10 # Attribute 'min_bin_probing_points' of the grid.
  1 # Attribute 'grid_mode' of the grid. 1=='default',2=='initialization'
  0.0000000000000000 # Attribute 'small_contrib_threshold' of the grid.
  0.5000000000000000 # Attribute 'damping_power' of the grid.
 # binID   n_entries weight   weight_sqr   abs_weight
    10   10   1.208807447946335E+006   2.830168916962214E+012   1.208807447946335E+006
    11   10   1.208807447946335E+006   2.830168916962214E+012   1.208807447946335E+006
  </DiscreteSampler_grid>
