  0.01210781859709766  0.01811235508904443  0.02575027848077005  0.03591368129938920
  0.04555644336006474  0.05528907779446605  0.06510443587367454  0.07501605954186376
  0.08501441845634378  0.09515378748546202  0.10537775737317945  0.11579929512107032
  0.12628438847560489  0.13703357345727427  0.14787410268546375  0.15889187246137990
  0.17000004090320134  0.18122054998882831  0.19249983953447714  0.20388960964881539
  0.21539970443771431  0.22706884704517613  0.23884379081975474  0.25077375725500745
  0.26283651207232039  0.27500144508284841  0.28729108830259348  0.29972254282856209
  0.31227459395341284  0.32487912235126154  0.33749586288684874  0.35013342858104379
  0.36284269171034111  0.37556282063645635  0.38825874028810908  0.40093325681895819
  0.41361129865039031  0.42624651897690041  0.43889239022564680  0.45162857839201126
  0.46445040694331136  0.47720817569177226  0.48987826762539366  0.50239525241122296
  0.51480579917827984  0.52713097156699762  0.53936324509525968  0.55149065545844089
  0.56349086396013648  0.57543314077576946  0.58727619872269721  0.59896460564164267
  0.61049408057354571  0.62193251177032738  0.63322212883694073  0.64439836821144769
  0.65544039848613356  0.66638027150782364  0.67719460557418787  0.68789851362981125
  0.69848285471331206  0.70895139527090523  0.71925533557298216  0.72944811275223087
  0.73946184303846640  0.74936937486457555  0.75916949124295252  0.76885554701457992
  0.77832665319300132  0.78768207040744553  0.79697256545485284  0.80620529194812240
  0.81531395008153773  0.82429281756709938  0.83322460522272335  0.84204135273405012
  0.85077308667024087  0.85934806716224155  0.86780585405069344  0.87616913095563331
  0.88443450085016695  0.89261781565831744  0.90068445590548163  0.90867758592578951
  0.91657946344878294  0.92439001976545598  0.93214296157938770  0.93982921366877392
  0.94742560377166773  0.95492565876565949  0.96232003686428280  0.96961415998245060
  0.97687968890007104  0.98383970768930573  0.98864038680943478  1.00000000000000000
 -0.00255875376744566  0.00958716708868716  0.01988950941186057  0.03039013687215976
  0.04099596683020267  0.05141213666566576  0.06184172949641444  0.07209808846070767
  0.08247268050916862  0.09305981005819849  0.10364619560714991  0.11416893379918006
  0.12465785188201363  0.13524103732494849  0.14577301870621417  0.15617817867667030
  0.16661104574581229  0.17715537167693982  0.18766433399841201  0.19812513087227723
  0.20857916095301435  0.21911281461967583  0.22967789622977103  0.24010103896501489
  0.25057032754325820  0.26102826904275117  0.27159915668988466  0.28212476112628221
  0.29255679263665996  0.30297172116140958  0.31330423732656537  0.32379498502261200
  0.33420934590833390  0.34474065593595138  0.35526469517445147  0.36585736562276333
  0.37645332795435266  0.38712419481271226  0.39781168875972539  0.40844228323454324
  0.41898996727214993  0.42955844754997896  0.44014192867524843  0.45064302550549934
  0.46110203689488349  0.47153606273808368  0.48214060146131316  0.49283657238490891
  0.50354533038167082  0.51421174798261093  0.52480224753272675  0.53541846935931647
  0.54596231234553239  0.55646345272591591  0.56692431995367010  0.57739148293445264
  0.58789002711050675  0.59846842707956249  0.60906605971558347  0.61968062759122944
  0.63027482989408801  0.64082855095552571  0.65142985693483157  0.66202156987009242
  0.67268295915199228  0.68327423404742971  0.69389962720036458  0.70462057900398434
  0.71535042547711625  0.72603382273857486  0.73651612984437009  0.74696206458149694
  0.75740193841414138  0.76779973420783543  0.77820143845872447  0.78861050582142622
  0.79903569430263655  0.80959478801760743  0.82020210372079583  0.83077992302134052
  0.84138684712822687  0.85207035175008017  0.86270843254963292  0.87330590428063026
  0.88384719874710704  0.89437729229152418  0.90490936457710935  0.91542739250821847
  0.92602369156666586  0.93661585562203020  0.94715145099921760  0.95773451919913322
  0.96828808820523549  0.97881693442042517  0.98940632983957411  1.00000000000000000
 -0.00128063849533615  0.00920800486489983  0.01855925802392625  0.02839824672864217
  0.03835296006559004  0.04850796385347513  0.05866595612366653  0.06890208035142123
  0.07914868289293195  0.08947580584121835  0.09985586796111959  0.11030943612340428
  0.12082484024077020  0.13132542840612033  0.14183376475907439  0.15225051940184689
  0.16260069538313809  0.17298434996893644  0.18340115216130359  0.19391018926940196
  0.20444115627337961  0.21501909941553257  0.22562387734475003  0.23614715541948492
  0.24665132016148786  0.25707074593821871  0.26745501307606717  0.27778383664059331
  0.28811730543077679  0.29860619416459194  0.30911382245903346  0.31962670868115584
  0.33009690242864442  0.34060384215788708  0.35109877108523624  0.36159815221131975
  0.37208973299191833  0.38258171027584015  0.39300607767994317  0.40343360997546224
  0.41389212157545291  0.42436585544202404  0.43486605055194949  0.44542377992111271
  0.45598649990788770  0.46657810096568753  0.47716362999991069  0.48774104813864283
  0.49823486557197566  0.50868476007302299  0.51917753341552142  0.52974643228137752
  0.54032079440844527  0.55088315360129758  0.56145947376618333  0.57200571477675877
  0.58253353329748503  0.59304703263302971  0.60359452424979032  0.61410853124969345
  0.62458077631942277  0.63508446047179201  0.64562927485289601  0.65620916139926977
  0.66678036506959137  0.67735507877873502  0.68794518002711535  0.69854683747805812
  0.70917973334850937  0.71981899665373184  0.73050180456891511  0.74115765192184457
  0.75178290294414918  0.76232859752129700  0.77280578093982011  0.78324386959846048
  0.79368304937677780  0.80411086640906804  0.81448021866297038  0.82486071924975923
  0.83528469910030279  0.84585120416205439  0.85645303676774209  0.86711531798704355
  0.87780238077578077  0.88846984090556813  0.89921773511566228  0.90996210197243110
  0.92076265745986119  0.93154852532332799  0.94235343314704101  0.95327175913368800
  0.96428833245302803  0.97557510501513378  0.98750073774750080  1.00000000000000000
  0.22236222632531030  0.25891432187957469  0.26890989107117574  0.27774894322256888
  0.28618603535129095  0.29434991891419487  0.30217308904149215  0.30980838503844482
  0.31716608557688108  0.32426079850586320  0.33128783865609551  0.33808303496948799
  0.34473249920341370  0.35130749236803999  0.35776712915135572  0.36407352907372076
  0.37035101957750705  0.37653747032537960  0.38257087863725942  0.38851912875723954
  0.39440687450473638  0.40023347766735939  0.40598339335116523  0.41170150495135788
  0.41736314832537497  0.42296063019737440  0.42851435445902908  0.43404715436485752
  0.43954932147676812  0.44501112895219935  0.45045408211726085  0.45588094417647290
  0.46128330993742001  0.46666036842416486  0.47201189525631332  0.47733120579860078
  0.48257714970681370  0.48777553443838234  0.49297081355102834  0.49816299971029848
  0.50327373304880663  0.50832371877177585  0.51333870303457141  0.51836912234631993
  0.52336016025031906  0.52829281060840128  0.53321539997926914  0.53811236835853948
  0.54298412683176178  0.54781396851617337  0.55262950909005804  0.55744076543994747
  0.56222995644101992  0.56698174126705414  0.57170161034491940  0.57642073586676823
  0.58113510085617659  0.58584760340273889  0.59054715208743136  0.59522941803674900
  0.59988884411094179  0.60451031017230317  0.60909580034627409  0.61366884756840967
  0.61823626096867101  0.62278345145676928  0.62730023276713121  0.63177602977278791
  0.63624721838664888  0.64070683371202264  0.64517021061459423  0.64962849574726178
  0.65408643798766464  0.65853969186906935  0.66299040262302256  0.66742652191398444
  0.67185463373556842  0.67626400386334451  0.68066304562007984  0.68505385402003316
  0.68944215759849214  0.69383236197427189  0.69822069696393352  0.70260351020720790
  0.70697946751430452  0.71135013785427526  0.71572545727550840  0.72009298643718778
  0.72451978722519061  0.72877388129365595  0.73269346083555376  0.73647210031097199
  0.74040327558882024  0.74401868660845571  0.89401223460926926  1.00000000000000000
   2.1825895643373576E-003  -1.0000000000000000     
 F F F F F F F F F F F F F F F F F F F F F F F F F F F F F F F F
  <DiscreteSampler_grid>
  grouped_processes
  1 # 1 for a reference and 2 for a running grid.
  10 # Attribute 'min_bin_probing_points' of the grid.
  1 # Attribute 'grid_mode' of the grid. 1=='default',2=='initialization'
  0.0000000000000000 # Attribute 'small_contrib_threshold' of the grid.
  0.5000000000000000 # Attribute 'damping_power' of the grid.
 # binID   n_entries weight   weight_sqr   abs_weight
    10   10   1.606293696404656E+008   4.507651575487662E+016   1.606293696404656E+008
    11   10   1.606293696404656E+008   4.507651575487662E+016   1.606293696404656E+008
  </DiscreteSampler_grid>
