  0.01470112786796631  0.02543093550241166  0.03521483405526531  0.04430569631815430
  0.05249834394589017  0.06017768192780380  0.06773576925134291  0.07528578047676616
  0.08278543616137450  0.09015043125582196  0.09737414868929532  0.10471389589437680
  0.11227876623117035  0.11984018600888947  0.12742023124822394  0.13508872068473268
  0.14279583325310138  0.15062866652807211  0.15850498949419228  0.16646559688122667
  0.17453463872422456  0.18270178406848195  0.19092563486026293  0.19924662497153547
  0.20770973215831476  0.21628161922718145  0.22494524449298275  0.23367310357269783
  0.24247732519325091  0.25130332879118961  0.26015528343852501  0.26895502251725456
  0.27784557919270897  0.28681257435219049  0.29590726797230765  0.30512665079300783
  0.31443201333905679  0.32390068702196417  0.33351410674312670  0.34320261019138099
  0.35297308742376832  0.36281775548867223  0.37285761697248510  0.38300027995213215
  0.39326112736516300  0.40356632750501709  0.41395225339601527  0.42437224224229508
  0.43493434320436086  0.44559821656400767  0.45628438901448531  0.46703391791730442
  0.47793274884901787  0.48893912777243281  0.49995471303621225  0.51099286780360786
  0.52208045355277688  0.53315821929591078  0.54428948847945724  0.55544514969481207
  0.56671844707768537  0.57795730999449457  0.58924688112704049  0.60049634319356437
  0.61173447391879587  0.62299802343988486  0.63429922033749719  0.64566061285193066
  0.65702673675756329  0.66837607365626894  0.67972900616127963  0.69116664598754873
  0.70264197162050102  0.71401870159156411  0.72528894005207922  0.73652927969131166
  0.74775359923602869  0.75901114465051434  0.77037418909465438  0.78180077034472728
  0.79310938351375782  0.80421912581836885  0.81523553298821572  0.82628160912513526
  0.83749198768923006  0.84885442083213591  0.86028609706291315  0.87177627982837846
  0.88344536844608401  0.89547906981074865  0.90779852537792394  0.92050333332984813
  0.93329986882125227  0.94670196676786478  0.96152027695888953  1.00000000000000000
 -0.00243612762995887  0.00954549147103564  0.01965291179875142  0.03011800630974519
  0.04061037485801550  0.05101640203982691  0.06139397629310486  0.07181851332953076
  0.08218713283224906  0.09260172772899401  0.10302936067812923  0.11364880960141548
  0.12436902456540076  0.13494179901856312  0.14556198609268892  0.15626168257934356
  0.16692551351325099  0.17751297944103125  0.18801759772438598  0.19855273511524793
  0.20912656327127790  0.21955822431676131  0.23009170005351059  0.24069067832096139
  0.25134351443467695  0.26205704577096323  0.27275287774685991  0.28359602073449425
  0.29430874606788637  0.30491936776108097  0.31543060637555315  0.32591871866318584
  0.33637160272460964  0.34675437062828574  0.35728258938505952  0.36782688906601552
  0.37848684720129311  0.38906735808613663  0.39960902907596468  0.41019100049005919
  0.42092507906867982  0.43185058204200688  0.44262909766609737  0.45324944302547793
  0.46376777197610747  0.47420095756060648  0.48468143222703963  0.49517758071526835
  0.50570291512782017  0.51606961363373804  0.52652091235367926  0.53703938683098429
  0.54769273208677360  0.55839070286855652  0.56913951988171274  0.57961820306824652
  0.58998037238443857  0.60019222683226847  0.61055643668693915  0.62082731634129718
  0.63123066355626700  0.64165604606251703  0.65208622745946865  0.66258437488638988
  0.67316636475731551  0.68378669455232977  0.69429961556837383  0.70481427724519319
  0.71538143218251316  0.72591083148809399  0.73632761608017816  0.74674959619408898
  0.75736521225308806  0.76824380753808563  0.77900550963770487  0.78964965147448940
  0.80005815965004090  0.81068550218282120  0.82140685835095706  0.83228450598067105
  0.84288257579078418  0.85348013423500269  0.86387012837480115  0.87431113501212321
  0.88458917420733940  0.89503504448787230  0.90542979410236712  0.91587882922824149
  0.92633618690469732  0.93672206411609860  0.94717807848070845  0.95750838105907454
  0.96803983686332695  0.97862328114760166  0.98929694529863543  1.00000000000000000
  0.00728610097279552  0.01580803064763666  0.02326361355701204  0.03317786211798699
  0.04261699133157375  0.05200603106266218  0.06142820154942858  0.07085791725379259
  0.08026685634165182  0.08967538366401510  0.09908264996438172  0.10848770417167937
  0.11792271949490450  0.12735427769127713  0.13676306672071245  0.14617775027031005
  0.15563135238493378  0.16510763402387571  0.17457848622696778  0.18405314256044888
  0.19353462261191839  0.20302957493017668  0.21252978856411600  0.22201661431892139
  0.23151623341972649  0.24102812484881786  0.25053942553623304  0.26006006410087551
  0.26959372693904488  0.27911978137849469  0.28862712481649899  0.29809947244451140
  0.30756758373322568  0.31707820336856152  0.32662835318591299  0.33619572390942981
  0.34575975750945287  0.35531844274372060  0.36487473197895742  0.37442557529657627
  0.38396842955967381  0.39350882383773683  0.40306905506911017  0.41267418886009360
  0.42232767694307699  0.43203852411982852  0.44172826431334328  0.45140480271837141
  0.46108824622758071  0.47078708977820471  0.48052963331463183  0.49030442787245293
  0.50008441020846339  0.50993107120534131  0.51978312687728523  0.52967037313695897
  0.53959166373645995  0.54955570777421792  0.55959892483992457  0.56963220819089178
  0.57963540509202627  0.58958973359653022  0.59955331069728157  0.60960957810962468
  0.61980289913918252  0.63002438273034367  0.64031640956876290  0.65063589334323513
  0.66102270396806517  0.67144951574471157  0.68185657407312483  0.69233672786220213
  0.70283212868112277  0.71341238936630791  0.72409025812301475  0.73492375520906339
  0.74588666434526285  0.75698533161245107  0.76817755539768295  0.77948846305074881
  0.79077917687307253  0.80227029330616295  0.81390088805239547  0.82562562263242734
  0.83742587103295529  0.84950500913069926  0.86187982530321516  0.87435643501152882
  0.88698210570095248  0.89991476848604834  0.91331787599292347  0.92729022587576082
  0.94223337245737415  0.95871350776878295  0.97796718316469244  1.00000000000000000
  0.23603401391963708  0.27466449069884402  0.28845035026023275  0.29821425178112310
  0.30649115058662724  0.31388498799380510  0.32067057996330739  0.32712903459834974
  0.33337918877607658  0.33942693079377928  0.34537439748335835  0.35122414774817196
  0.35690634695630497  0.36240329697058715  0.36781068078421791  0.37321265209591553
  0.37857686976980798  0.38391346072374227  0.38921357454270045  0.39444197121325014
  0.39959410950779345  0.40469280161421267  0.40976891900306361  0.41483459404350664
  0.41988094078752908  0.42490584797905040  0.42992136890561689  0.43493237359218417
  0.43990357854751666  0.44478424713875209  0.44963586183284421  0.45446992012974813
  0.45932340933232119  0.46411986790264248  0.46887615879710237  0.47361342769399106
  0.47835778509422261  0.48307949217142138  0.48777155181097109  0.49245733044978651
  0.49713800763768001  0.50180004120100552  0.50643747587912469  0.51107234215006803
  0.51573934636388929  0.52041485510216390  0.52501989674907767  0.52956362226487796
  0.53407869574971700  0.53856762661994184  0.54303203637175945  0.54750541359442662
  0.55198228220681556  0.55643328743514242  0.56088006751302011  0.56528090004639431
  0.56968981536980190  0.57410682708705529  0.57850685920265887  0.58290295513928314
  0.58730933678537656  0.59172425746532187  0.59613651066483853  0.60050936735923000
  0.60484028586443306  0.60912503787227379  0.61339801200819877  0.61764830658547798
  0.62189588537244878  0.62613653763440813  0.63039836641399849  0.63466072616602665
  0.63890101234264041  0.64310856712536779  0.64729961986862261  0.65149716955147108
  0.65570340881991518  0.65990937737500077  0.66411554076776469  0.66836945265118131
  0.67268596068089437  0.67703979175901285  0.68137315929607511  0.68570880879301643
  0.69017092144331071  0.69471507183751113  0.69925527575703317  0.70378929285416014
  0.70835806806787105  0.71298257355727113  0.71777592991172401  0.72268531132252578
  0.72777968252212366  0.73366214606186131  0.74081392244548405  1.00000000000000000
   4.6779131563212300E-003  -1.0000000000000000     
 F F F F F F F F F F F F F F F F F F F F F F F F F F F F F F F F
  <DiscreteSampler_grid>
  grouped_processes
  1 # 1 for a reference and 2 for a running grid.
  10 # Attribute 'min_bin_probing_points' of the grid.
  1 # Attribute 'grid_mode' of the grid. 1=='default',2=='initialization'
  0.0000000000000000 # Attribute 'small_contrib_threshold' of the grid.
  0.5000000000000000 # Attribute 'damping_power' of the grid.
 # binID   n_entries weight   weight_sqr   abs_weight
    13   10   5.350424617807727E+005   2.919821113065248E+011   5.350424617807727E+005
    14   10   5.350424617807724E+005   2.919821113065247E+011   5.350424617807724E+005
    16   10   1.269184505148443E+005   1.683452070269705E+010   1.269184505148443E+005
    17   10   1.269184505148443E+005   1.683452070269705E+010   1.269184505148443E+005
  </DiscreteSampler_grid>
