  0.01164029426722734  0.01803894659992719  0.02499030287914294  0.03401038104393495
  0.04332106557593300  0.05270980508216327  0.06222509060875800  0.07179316456313539
  0.08155214323473142  0.09135238631494062  0.10116900950386998  0.11117625991924227
  0.12136418561295527  0.13148479567301893  0.14171732550820859  0.15226887651799645
  0.16307133571039251  0.17389222187412720  0.18467554641567216  0.19554255668260945
  0.20645367066088532  0.21757979890048013  0.22887710479846182  0.24019296938870047
  0.25149306190660031  0.26288828766616779  0.27444655149783914  0.28623409573686431
  0.29825218574483947  0.31049499523715468  0.32285095328851954  0.33527436076732481
  0.34759096225692981  0.35979079206803871  0.37196974053877174  0.38429037515508607
  0.39666551081517937  0.40903824147419315  0.42147928097159737  0.43407411228107112
  0.44671030560109942  0.45952782074573245  0.47236624015193451  0.48519651958108573
  0.49785740544045032  0.51038297668603783  0.52276307329159688  0.53504199992053525
  0.54727753955509995  0.55941302722047104  0.57151830991326902  0.58352468724639872
  0.59529583948092935  0.60689535360457569  0.61842071311008373  0.62996648781307218
  0.64137341160289041  0.65252547894496105  0.66349886562942251  0.67434357131652933
  0.68510196156348380  0.69580135759964845  0.70647993426383782  0.71706914651562825
  0.72752961538587468  0.73779278020641637  0.74789045889576478  0.75781478860131102
  0.76750814318730076  0.77713094611422817  0.78678673309261027  0.79649792388335128
  0.80626745523458077  0.81581431006319816  0.82521303769156529  0.83446577521514564
  0.84370658624037220  0.85295994850531565  0.86203849550892775  0.87084778133840235
  0.87943865833453927  0.88797814324876401  0.89643447329962833  0.90475717111683618
  0.91299034297710180  0.92117957174118192  0.92931967759731415  0.93735574430124968
  0.94525566055602206  0.95308025678947050  0.96089743838418029  0.96869307048260433
  0.97641213522559289  0.98378759294191997  0.98993750971860772  1.00000000000000000
 -0.00248777156288325  0.00926220480595240  0.01936027413485109  0.02971034748766436
  0.04001113712515722  0.05027852966394072  0.06054716081454588  0.07097048891168874
  0.08155281523533145  0.09219103873043834  0.10279263464273788  0.11341030609004533
  0.12405972708412664  0.13474318366895560  0.14538332018119793  0.15614593513212194
  0.16692575336981863  0.17746963514908515  0.18791018362830300  0.19825496826952987
  0.20874779400537491  0.21932748707024624  0.23005271559759224  0.24083438381426181
  0.25160431186034221  0.26235330461285028  0.27315454194064359  0.28378801902690887
  0.29429675423268059  0.30470337564165156  0.31533656533713239  0.32590474625000720
  0.33652851504277398  0.34703157803918916  0.35768660050651169  0.36832972668965247
  0.37907022568843124  0.38980473890985673  0.40047401485202855  0.41090929409709215
  0.42119636484916900  0.43152192577911352  0.44215840043510529  0.45285834581893969
  0.46336175369424598  0.47363648487170273  0.48404310692561597  0.49463173196677457
  0.50530389334577674  0.51577691894521405  0.52640226492785080  0.53710036101722447
  0.54793040581288466  0.55864396844351805  0.56929427107515285  0.57992393869574055
  0.59041504326139360  0.60083694871378168  0.61117350342247390  0.62143888678616732
  0.63159677515116386  0.64197497264996084  0.65241537170706121  0.66301779596832389
  0.67335257569321405  0.68355901318435597  0.69378301819342725  0.70392093726728622
  0.71430932916576106  0.72472088285057812  0.73543207350716766  0.74610463511930636
  0.75666230963278958  0.76712275532214991  0.77757194694363263  0.78810235325749567
  0.79877303188602999  0.80960332773409727  0.82041069365907959  0.83093177027610221
  0.84139556481382261  0.85190474110468928  0.86264557282800869  0.87339769236026055
  0.88390640592334724  0.89448704724945360  0.90512367145196915  0.91606660352357250
  0.92667134663497408  0.93714723205861095  0.94750365504777101  0.95783248891745698
  0.96831181578728520  0.97885058386356316  0.98950274407275784  1.00000000000000000
 -0.00137015716455687  0.00815199776118208  0.01725161698699723  0.02734138848996758
  0.03738770122077464  0.04721334297060216  0.05729889052987347  0.06760541776373492
  0.07803021652374674  0.08834343479000897  0.09871294227144545  0.10925015021679887
  0.11974641825199399  0.13022495100918205  0.14070197685999780  0.15125375066334007
  0.16188073975741404  0.17242194793856688  0.18297269265457125  0.19344597611407896
  0.20389615368641742  0.21437107313132509  0.22481962133450897  0.23529790777796791
  0.24573479311489171  0.25618836841599174  0.26655707536138945  0.27692475848556242
  0.28739682712722026  0.29797273243651606  0.30861941824415939  0.31924259881265982
  0.32985457412896518  0.34049707444581362  0.35121602857706979  0.36200038285741726
  0.37279005418114830  0.38344764855434860  0.39403903805493196  0.40460984324626231
  0.41522517242093504  0.42588351744807046  0.43651365062626057  0.44719407149658008
  0.45788174319240027  0.46855263875111242  0.47912922353506460  0.48960548821617406
  0.50001622691959868  0.51032820577761784  0.52063728668724230  0.53109982086387675
  0.54167578599935196  0.55231738515676421  0.56288454506902863  0.57354748800840782
  0.58416206822277539  0.59475244836162222  0.60532515287069200  0.61601481307000749
  0.62666142043439499  0.63733289732364951  0.64799382051858645  0.65866521728567873
  0.66935227446700396  0.67990716383777627  0.69048473764710849  0.70097226456055173
  0.71156184021845392  0.72219953518836810  0.73269920945847222  0.74311788790592426
  0.75359329362431438  0.76422465576878085  0.77487989119748557  0.78550444895679317
  0.79608156374274630  0.80664715146720933  0.81730460859176068  0.82794683773438649
  0.83869822804043526  0.84945458267194229  0.86024310980159346  0.87094258356892484
  0.88151019985208656  0.89195210353482401  0.90255072684574378  0.91323475777013419
  0.92398278589491956  0.93477474201159549  0.94552669030315217  0.95600338877163327
  0.96639731160226405  0.97666394840049464  0.98808750905913167  1.00000000000000000
  0.24958254687942846  0.26130435180252443  0.27244146905655647  0.28316177005273035
  0.29336233462457706  0.30298900883780999  0.31220613286266713  0.32098124935236649
  0.32960081903122873  0.33784957957970591  0.34571709183887794  0.35342103439339373
  0.36088973570618904  0.36823914535556157  0.37539857161201773  0.38228836282725037
  0.38910166010697012  0.39583450988954194  0.40240571074566911  0.40882970441236871
  0.41515959104999928  0.42136463647160644  0.42746414150060352  0.43351638409393839
  0.43951057289715323  0.44545201171667531  0.45135593875380964  0.45723321295566449
  0.46302482491487812  0.46874456274504617  0.47442385504134182  0.48002936681660929
  0.48552571611750633  0.49093883957674211  0.49629840925853580  0.50159672898687835
  0.50685380118174828  0.51210712373716449  0.51727751677792977  0.52238310770025376
  0.52745074623409083  0.53250512973942488  0.53752784409490162  0.54242850922053398
  0.54724655681607071  0.55201962958378625  0.55677268338086183  0.56151810494895782
  0.56617614899309310  0.57074511945542938  0.57526401281527439  0.57980727139183996
  0.58437963004312832  0.58891587006552204  0.59333889437359277  0.59767290629859182
  0.60197067848519670  0.60626467802884421  0.61056775207143676  0.61484664218722829
  0.61906300582303764  0.62322283028841208  0.62735106613751235  0.63147417364924241
  0.63559648819178838  0.63968727023657734  0.64373186710793251  0.64772997124625142
  0.65166555850915364  0.65558836054684100  0.65951413593766450  0.66342901284828881
  0.66730042396592693  0.67115046780377319  0.67500027004812591  0.67883648678150921
  0.68264798889394640  0.68643997814849023  0.69021327959447976  0.69395879913347858
  0.69766584508129204  0.70133062520358425  0.70498521003057479  0.70861877953745978
  0.71219958447850173  0.71575446765941231  0.71929580373692337  0.72284735941733280
  0.72638113242103852  0.72963788115584827  0.73242832797294899  0.73507059862059265
  0.73783024416396814  0.74045651528274070  0.74144273085043078  1.00000000000000000
   5.9944491873944123E-003  -1.0000000000000000     
 F F F F F F F F F F F F F F F F F F F F F F F F F F F F F F F F
  <DiscreteSampler_grid>
  grouped_processes
  1 # 1 for a reference and 2 for a running grid.
  10 # Attribute 'min_bin_probing_points' of the grid.
  1 # Attribute 'grid_mode' of the grid. 1=='default',2=='initialization'
  0.0000000000000000 # Attribute 'small_contrib_threshold' of the grid.
  0.5000000000000000 # Attribute 'damping_power' of the grid.
 # binID   n_entries weight   weight_sqr   abs_weight
    10   10   1.440958447733960E+008   3.508014895859829E+016   1.440958447733960E+008
    11   10   1.440958447733960E+008   3.508014895859828E+016   1.440958447733960E+008
  </DiscreteSampler_grid>
