  0.01149409577552524  0.01818541080099192  0.02544140354000400  0.03552534081585088
  0.04524167960286597  0.05497980785685501  0.06468429425271753  0.07441262853241828
  0.08422286782347317  0.09422412380208814  0.10448334843450470  0.11497525094801110
  0.12564213510184616  0.13636982231512132  0.14713004978977531  0.15793944574205052
  0.16889014305861835  0.18002157240541178  0.19130463605348136  0.20264206258206707
  0.21408528040016520  0.22560514398885087  0.23727686496878547  0.24908366115560915
  0.26102825057849227  0.27309733655826351  0.28525341841675572  0.29748126179419465
  0.30974138073025953  0.32211760347547186  0.33459498147026084  0.34712138897759487
  0.35968949441547032  0.37230611397752689  0.38497833830399791  0.39774678722367135
  0.41061934268188943  0.42353604978417614  0.43641487247338046  0.44920239660736588
  0.46193823739838280  0.47467804539149849  0.48737726194444558  0.50001606526928055
  0.51262011497053361  0.52515371314695758  0.53757759549113349  0.54983180770802642
  0.56186729417537729  0.57377430114708383  0.58560169648727367  0.59735144013782504
  0.60899160463212021  0.62050772143193900  0.63190683175718332  0.64317564083207790
  0.65430772134946402  0.66536695602566198  0.67631919174707078  0.68713400454353624
  0.69772055570235914  0.70820556503146692  0.71854087100989805  0.72879597357169190
  0.73887209471425896  0.74883150720228686  0.75865098202017955  0.76837920892337941
  0.77803773464922210  0.78765135892148297  0.79713179110843535  0.80650669126182872
  0.81571584974917166  0.82475735989919396  0.83359311488031740  0.84224540121366687
  0.85077309572841187  0.85923606895197013  0.86769243747702907  0.87609074751001403
  0.88440034799027589  0.89259410521742111  0.90067431206384696  0.90864283597086670
  0.91652230393098477  0.92431999025010403  0.93204746227857416  0.93969533060500121
  0.94726012561320172  0.95476705518253235  0.96222834241641342  0.96966498683755742
  0.97707552207598902  0.98422036324173090  0.98901577785195072  1.00000000000000000
 -0.00245590327343505  0.00931006938673828  0.01930322650529549  0.02964865575438085
  0.04011922472794127  0.05069554761125968  0.06134634760869516  0.07194062958831533
  0.08250811839210194  0.09301024281474660  0.10349712557618207  0.11401839256975925
  0.12446928505811342  0.13485977166181515  0.14525703007296531  0.15583172215490126
  0.16645761853860119  0.17706350297733525  0.18766203307966495  0.19836738146597083
  0.20904997642327275  0.21950403114106398  0.22997017056600375  0.24033844179456063
  0.25072490305375494  0.26104859753932452  0.27145007026821277  0.28203085954410506
  0.29268339073574656  0.30325307585683914  0.31364920563833004  0.32403244110714530
  0.33449471239419970  0.34511856774821592  0.35569258322847624  0.36634773011278626
  0.37697020589997876  0.38762718155605158  0.39814815294507067  0.40864154266554087
  0.41914746415195647  0.42968398496121202  0.44023934918792351  0.45072572237389424
  0.46120721787389474  0.47168273273278394  0.48215338778252653  0.49266183131312719
  0.50316887016460732  0.51368827585650789  0.52424492123319388  0.53484580354547806
  0.54549969298555434  0.55612943545939009  0.56674969292602562  0.57727524302301403
  0.58785426409036967  0.59841121754937121  0.60902919814736456  0.61964892931806737
  0.63018943229755442  0.64065672313090527  0.65105580541233254  0.66149618233079810
  0.67198618908525765  0.68247280418160483  0.69297893961591928  0.70353455222332739
  0.71411811607247389  0.72471064438137456  0.73534492758846626  0.74599684182360959
  0.75657032091244414  0.76710260034482203  0.77752368175735020  0.78794478435897031
  0.79834303664869910  0.80876341953762942  0.81923521897119411  0.82970468616246662
  0.84033467597373446  0.85099590424747495  0.86162262897010988  0.87217117787981835
  0.88274593183871308  0.89346320747388297  0.90419026137538749  0.91489046831884457
  0.92552503615703496  0.93612890489712508  0.94684048973035906  0.95752831702812957
  0.96823223569910588  0.97893240012052707  0.98947528514577565  1.00000000000000000
 -0.00127568321996539  0.00797674185302971  0.01678781043603390  0.02629620627181506
  0.03618302727349126  0.04627104711061219  0.05639382569112392  0.06664148859105164
  0.07696553030033391  0.08736823871300559  0.09775620545291487  0.10822251166291297
  0.11873558352294376  0.12923904081210388  0.13970857266700959  0.15013736735405855
  0.16058701396058991  0.17102800896132719  0.18147115988876847  0.19197580250737373
  0.20247971286758279  0.21295062570340426  0.22340251215192272  0.23391293559583640
  0.24446764044506908  0.25500041364771370  0.26552648298092618  0.27604964449106550
  0.28663356450879984  0.29718688944334765  0.30776491301769510  0.31829260954392102
  0.32877985697500217  0.33927226687896128  0.34979124159094677  0.36035627315610003
  0.37089762016320055  0.38140155906546319  0.39190613105671290  0.40236621009839979
  0.41282231784607964  0.42330743386678865  0.43377520893363675  0.44427943621965954
  0.45478544324222836  0.46541788880364859  0.47604251714897744  0.48663308214119239
  0.49718436807488370  0.50770788886206764  0.51822086739917006  0.52875065200577476
  0.53931045664009092  0.54983927000253996  0.56033643884498796  0.57081532595138407
  0.58136501219865244  0.59191993132846954  0.60252834038534064  0.61311816090386340
  0.62365807032264742  0.63416829100767602  0.64472035370270386  0.65538491388902853
  0.66604324724687813  0.67667276703412205  0.68732988744835433  0.69801368043133927
  0.70868000761911265  0.71920783908322605  0.72971761800606671  0.74025090604245203
  0.75080207798854615  0.76141412006313902  0.77203879652723928  0.78262845927387248
  0.79318212488221884  0.80366813334278220  0.81419710909797471  0.82470614891361471
  0.83529152848842225  0.84592973693753770  0.85657118260256493  0.86717361985321706
  0.87786635226982901  0.88858863655939202  0.89931586082503123  0.91008351241105134
  0.92087126443432199  0.93168293567284133  0.94247763014174657  0.95329147036346928
  0.96429620905718161  0.97552053664794247  0.98749066886703918  1.00000000000000000
  0.24886222811719808  0.25925822897673523  0.26857614253144835  0.27773480161855651
  0.28653330283829626  0.29497195528310671  0.30308604649526344  0.31103648924458333
  0.31863770587347634  0.32594774340022120  0.33309397328092483  0.33996796452526046
  0.34673563679904690  0.35336949218291869  0.35984481154122844  0.36624123244163920
  0.37255279693585813  0.37873162257487458  0.38480260763232804  0.39083509328916566
  0.39678670109705788  0.40264057386540092  0.40843139024356134  0.41415663406121617
  0.41979504832947617  0.42537141308946086  0.43092827004167655  0.43643710095725768
  0.44187254627505668  0.44724232687335685  0.45259749577516184  0.45791671448655241
  0.46319601182371600  0.46843483881798353  0.47363977104310007  0.47878307073944099
  0.48389531179545570  0.48899649747974999  0.49410807826159281  0.49919523271618838
  0.50422010435437437  0.50920340390702024  0.51416692926318497  0.51913474036354745
  0.52408833977102010  0.52900460875597533  0.53390450959165936  0.53877088795150030
  0.54364563639113450  0.54848610120536401  0.55333668467222186  0.55813469902627466
  0.56289892923917306  0.56763031850794698  0.57234433419795416  0.57704365484310660
  0.58170141777090212  0.58636314716138616  0.59095727185866942  0.59556495164102119
  0.60012987631824677  0.60471754363390529  0.60931174182424119  0.61390053471569417
  0.61848822059533937  0.62305066537904308  0.62757561554545604  0.63203503033270592
  0.63647776340378948  0.64092687009912319  0.64539360156720382  0.64987401854506599
  0.65434720532520685  0.65880250224944448  0.66324782084963763  0.66766047872416179
  0.67204932914575322  0.67644422914786206  0.68085382827850971  0.68527021796496246
  0.68968506784451622  0.69409141120162532  0.69848794332832520  0.70288559837054188
  0.70728317040734801  0.71166445745477747  0.71601915349913159  0.72034554913488757
  0.72468154094189630  0.72905568671368992  0.73318018600448343  0.73729181480989170
  0.74136718661726142  0.74581713194488919  0.74756899518302489  1.00000000000000000
   9.9245829791799328E-003  -1.0000000000000000     
 F F F F F F F F F F F F F F F F F F F F F F F F F F F F F F F F
  <DiscreteSampler_grid>
  grouped_processes
  1 # 1 for a reference and 2 for a running grid.
  10 # Attribute 'min_bin_probing_points' of the grid.
  1 # Attribute 'grid_mode' of the grid. 1=='default',2=='initialization'
  0.0000000000000000 # Attribute 'small_contrib_threshold' of the grid.
  0.5000000000000000 # Attribute 'damping_power' of the grid.
 # binID   n_entries weight   weight_sqr   abs_weight
    13   10   1.478300003575996E+008   2.989209678681326E+016   1.478300003575996E+008
    14   10   1.478300003575996E+008   2.989209678681325E+016   1.478300003575996E+008
    16   10   1.894504058716212E+008   4.979931719787742E+016   1.894504058716212E+008
    17   10   1.894504058716212E+008   4.979931719787742E+016   1.894504058716212E+008
  </DiscreteSampler_grid>
