  0.00574837466416483  0.05349598671107056  0.08954925335291516  0.11801528421002322
  0.13841568924875436  0.15662067563526452  0.17476684090232308  0.19287760324347664
  0.21036399903715672  0.22760743834820110  0.24423275913639358  0.26058584958023062
  0.27575940026873302  0.28986899025651536  0.30354271690194579  0.31748888400961539
  0.33051471527539811  0.34254879165798408  0.35336845736576866  0.36325693240681201
  0.37254512169182658  0.38168363279386963  0.39054715901316983  0.39936089279653447
  0.40740886825832301  0.41514533726106634  0.42275028687970650  0.42992365523402887
  0.43736168294637245  0.44460107410045513  0.45197154995995392  0.45949477993770971
  0.46719088619296373  0.47481005320245911  0.48207870933051711  0.48906123832889908
  0.49597606946819112  0.50290708369382264  0.50980792781491790  0.51636465405301513
  0.52250357413172477  0.52874977279890623  0.53513969119883043  0.54157106053865367
  0.54791596040895107  0.55402679976736124  0.56006036868072884  0.56618932806717504
  0.57257375914005904  0.57912036773154396  0.58556328973048299  0.59177706344917858
  0.59770795292646151  0.60367008918804288  0.60974844039459730  0.61587970506532308
  0.62195694355524511  0.62809906063581245  0.63457548752144277  0.64107389793741609
  0.64773941149017855  0.65486272842840554  0.66232908108764477  0.67024994967349616
  0.67872879012712117  0.68708298649355504  0.69524814366878895  0.70313601748537291
  0.71104928885146390  0.71901858582485978  0.72728033220086130  0.73610356615133032
  0.74514899155858583  0.75390180549120023  0.76220409670878131  0.77042165903364712
  0.77844348943659258  0.78736512256009039  0.79638712597923922  0.80580590372661975
  0.81422234564299167  0.82255553026811234  0.83083803603660478  0.83932211217805064
  0.84804342066520355  0.85664334541528675  0.86542274452120049  0.87480428719751602
  0.88493595723904162  0.89601826559560327  0.90803463827336661  0.92040217973283556
  0.93384439477166126  0.95070207209711410  0.97314128633712049  1.00000000000000000
 -0.00244195719888731  0.01138089133329371  0.02284893673977056  0.03315048772715530
  0.04473995995151214  0.05633932920305564  0.06693138686436449  0.07678434337120922
  0.08641418046226237  0.09658112553212653  0.10669666392334776  0.11684858209232546
  0.12693981275644339  0.13701637574232745  0.14671420624279763  0.15625906750644053
  0.16581051736204308  0.17547980643560571  0.18564181052763151  0.19606493470363787
  0.20710187090568632  0.21801847258765839  0.22902338770229949  0.24062541223165107
  0.25333844595816934  0.26648968935698925  0.27878879855773370  0.29005405257439532
  0.30086993466449657  0.31110832259293142  0.32083549946181383  0.33064058247526507
  0.34080112095481396  0.35081486910189352  0.36043774245454263  0.36958306721057382
  0.37860732494461358  0.38755583371503549  0.39633997094644513  0.40560283898998833
  0.41543535716885061  0.42595610794113958  0.43717654593072092  0.44829212326854917
  0.45939996174369874  0.47076820528942970  0.48294509584680856  0.49531254057930335
  0.50683392775691705  0.51796377943071892  0.52894982413367730  0.53945195338544771
  0.54929702836283001  0.55902487867931527  0.56878019341090325  0.57861938994278050
  0.58824388329852595  0.59771402542534813  0.60726589523635155  0.61694548886441547
  0.62699661462595557  0.63733821315471373  0.64724372710701850  0.65700921033280757
  0.66693781945926600  0.67677824230093631  0.68717785202756876  0.69738803173428021
  0.70804621553125635  0.71860245496397857  0.72916473147717065  0.73993996904251447
  0.75093246752105935  0.76229844829197657  0.77384376493371065  0.78528123266546690
  0.79656318738191134  0.80766695912043418  0.81883004517171076  0.83023004913957543
  0.84155207612690686  0.85259105038601435  0.86300166839358117  0.87304517518824587
  0.88292944907018489  0.89281370008027572  0.90260854140102764  0.91243828409109140
  0.92278485807921151  0.93381836001645302  0.94537462790273508  0.95638173579398300
  0.96685056895873778  0.97735769166944764  0.98864954791813675  1.00000000000000000
 -0.00226638727317659  0.00932586177863898  0.01983072704755304  0.03049690679900134
  0.04122811544366888  0.05176990647756015  0.06217983042368127  0.07233988257037549
  0.08259669968486683  0.09315494825276049  0.10378639910269612  0.11374242888185045
  0.12367355850087447  0.13401179320502599  0.14496422807014539  0.15592373518569447
  0.16679308769933068  0.17696412189856303  0.18685089335727817  0.19661132351950023
  0.20645246861604355  0.21654181138587120  0.22697678935854498  0.23821846477831327
  0.24923423917510970  0.25918967623049238  0.26903976012075725  0.27946647731300811
  0.29033488077530906  0.30124922809987997  0.31210476275344162  0.32257893496486167
  0.33262435626161946  0.34302506227621393  0.35318065150379169  0.36340898505189251
  0.37334574324997150  0.38385734172124053  0.39467697051129708  0.40557295257878628
  0.41663622452791221  0.42774644619778079  0.43867645079068196  0.44975280649186217
  0.46106594571304416  0.47218850982174582  0.48287341972336273  0.49343770244159518
  0.50440708787862909  0.51523750865454776  0.52584946605651983  0.53588364850819303
  0.54607180940705125  0.55619994332697076  0.56620816794865347  0.57609322552302689
  0.58641769574674241  0.59723749404195769  0.60857745746367164  0.61953646290914610
  0.63097623988127927  0.64224677460021462  0.65336303017796293  0.66440891449247264
  0.67537177065531850  0.68591877417027070  0.69643601799084387  0.70688432929265899
  0.71721188845641692  0.72718865776927444  0.73764949064203245  0.74824412767753479
  0.75902322281246537  0.76959633644324288  0.78153849449034241  0.79334367927831662
  0.80412281995864432  0.81437891920795502  0.82491186110546810  0.83554228698144406
  0.84576576360170463  0.85584655762563289  0.86601394287969646  0.87632210379331099
  0.88617947252409912  0.89598433445927161  0.90614179266933348  0.91606864984894365
  0.92554792064605362  0.93516150890586891  0.94557462826003968  0.95726190422285073
  0.96827625256140148  0.97895391709877178  0.98929895017256153  1.00000000000000000
  0.23980846162532399  0.24513279382172887  0.24915303650435242  0.25464270144442441
  0.26102758384236785  0.26716619817396009  0.27373380679370751  0.28040909868656799
  0.28686069671773723  0.29321052739437936  0.29963979528110762  0.30587234848367068
  0.31210018816700635  0.31858272840417412  0.32530319853900569  0.33170736079179108
  0.33761334199509191  0.34330577441391197  0.34919932299934042  0.35528314272740535
  0.36129718958734097  0.36718547156904469  0.37307209742118103  0.37871955764841508
  0.38432533265659286  0.38978310137623506  0.39509369929899546  0.40021222397030570
  0.40529851626956848  0.41035930556454286  0.41560362943956530  0.42093731141647345
  0.42625486862103984  0.43151310109648944  0.43655134326635631  0.44153252108909941
  0.44660327760129653  0.45187545438773163  0.45748222508465369  0.46313630287989543
  0.46852868445557322  0.47371420156603428  0.47876939806819097  0.48375480379983493
  0.48901613257466420  0.49422794597237307  0.49950139643151098  0.50492057757201547
  0.51044288061676379  0.51610137275950296  0.52156511313136988  0.52667657413599622
  0.53169030863887301  0.53669192396563625  0.54159745810917170  0.54660716868724835
  0.55172800359851926  0.55723652452501071  0.56276751762075539  0.56811822438493353
  0.57327658581784191  0.57838371717162285  0.58345258472961092  0.58858576423137976
  0.59365347774124422  0.59882270720632247  0.60401214555860894  0.60927491859522309
  0.61436261082027011  0.61960847291404930  0.62499257551263854  0.63042745380327048
  0.63579087533080447  0.64099080738403713  0.64654173765034151  0.65263001177233493
  0.65897357013296753  0.66525427472067811  0.67127518303322209  0.67724003093099505
  0.68318813719100457  0.68914304660141890  0.69504711246761464  0.70100291039632812
  0.70687017335940594  0.71266217610081872  0.71842713303514805  0.72429565974476706
  0.73054678639487292  0.73700935626360720  0.74358173015889339  0.74964544863784432
  0.75444131992582553  0.75859398928252886  0.76471703329308049  1.00000000000000000
   2.6956145959842892E-059  -1.0000000000000000     
 F F F F F F F F F F F F F F F F F F F F F F F F F F F F F F F F
  <DiscreteSampler_grid>
  grouped_processes
  1 # 1 for a reference and 2 for a running grid.
  10 # Attribute 'min_bin_probing_points' of the grid.
  1 # Attribute 'grid_mode' of the grid. 1=='default',2=='initialization'
  0.0000000000000000 # Attribute 'small_contrib_threshold' of the grid.
  0.5000000000000000 # Attribute 'damping_power' of the grid.
 # binID   n_entries weight   weight_sqr   abs_weight
    10   10   4.901083658256221E-045   5.455243086048430E-089   4.901083658256221E-045
    11   10   4.901083658256221E-045   5.455243086048430E-089   4.901083658256221E-045
  </DiscreteSampler_grid>
