  0.01159669549467281  0.01692900304130533  0.02520649802767922  0.03530143548136658
  0.04503855252922025  0.05483603967068099  0.06475957461976502  0.07478775108447090
  0.08484282529098591  0.09488484525521421  0.10497679491745582  0.11526754824810408
  0.12574148085039241  0.13646825136640411  0.14733273162797073  0.15840731981163775
  0.16956621032163749  0.18084269299937050  0.19222096298939614  0.20379035546620211
  0.21554049259182678  0.22742756399698649  0.23942323690198405  0.25150858935883308
  0.26368127989538098  0.27593046026938473  0.28822505975394647  0.30059223853664441
  0.31311533125394370  0.32584006543442656  0.33867686131515162  0.35154584325313382
  0.36441011522677197  0.37732166136531842  0.39018436836658932  0.40309935270567787
  0.41600418659273330  0.42892034163357756  0.44186819344205108  0.45482455312880843
  0.46770580336518242  0.48056264169926194  0.49342227376151759  0.50626209244824616
  0.51897556742339468  0.53156057520386757  0.54398709061468287  0.55628879531888165
  0.56847233722607182  0.58054489707589796  0.59252997463155777  0.60437741951647894
  0.61606122987214429  0.62766022895876572  0.63894116743501006  0.64989048600040833
  0.66071549059613432  0.67163407366659544  0.68264429441612207  0.69347156539303256
  0.70413988293565455  0.71464131304921019  0.72501677264826847  0.73531078734033228
  0.74548795750668906  0.75549043083952905  0.76540763860436445  0.77513429068966166
  0.78473003321047707  0.79417291789005784  0.80353091029855239  0.81279406844688318
  0.82200735568921435  0.83112040394872433  0.84014136829051100  0.84903322016568483
  0.85780965919077579  0.86647168672951036  0.87507086440076498  0.88357652443884427
  0.89198714633326948  0.90027271516710161  0.90849599215674237  0.91668282377378818
  0.92479708227338253  0.93280789421821286  0.94067169485697122  0.94843101989631406
  0.95615977504265637  0.96368733321172362  0.97107797009508257  0.97879936564154579
  0.98512744505107375  0.98898361530908818  0.99179796262968734  1.00000000000000000
 -0.00249107723956440  0.00946113126022158  0.01961256133169012  0.03001527205767062
  0.04050675443637603  0.05089391847745824  0.06131865857327419  0.07189487112933111
  0.08252404351569839  0.09316886136332789  0.10382958093107562  0.11446140517886814
  0.12508462283636337  0.13569979714763483  0.14627661401874856  0.15695304718358133
  0.16769377892794016  0.17845812895343860  0.18913139052964395  0.19969298887333595
  0.21033895092376545  0.22094939191617849  0.23162918612992955  0.24228164697309118
  0.25296748553176279  0.26360426149429761  0.27427172201158284  0.28490410434463820
  0.29551025565193184  0.30612136350800301  0.31675948341328158  0.32741207472886469
  0.33803941887949784  0.34868758963847241  0.35934600349854917  0.37004993738811132
  0.38068461742937676  0.39121907055332400  0.40171062570668981  0.41220652658007811
  0.42274029899958621  0.43341034348560442  0.44409046150580761  0.45409889690506750
  0.46393431073774688  0.47358540534431504  0.48391723176512969  0.49429093595032725
  0.50466883593089407  0.51513102328410754  0.52570520500087625  0.53632248116584169
  0.54687015983492582  0.55750195187087248  0.56815185301485638  0.57880874192766973
  0.58924694530128152  0.59947676949832918  0.60975147155436071  0.61997790018889976
  0.63035529761111253  0.64081156825547370  0.65138314639356143  0.66196288422480654
  0.67239212130922943  0.68272646802104753  0.69312869636401386  0.70356932865268640
  0.71405845772145526  0.72456530618059256  0.73510346533153437  0.74571694843286485
  0.75630094350581789  0.76692282126923561  0.77745348840907369  0.78781267426349233
  0.79818612730861016  0.80864631480942883  0.81926914635473147  0.82984229308038093
  0.84053420193765294  0.85112700471926628  0.86175216408045074  0.87227468539727149
  0.88278674710137817  0.89340381577620021  0.90404434132202838  0.91473378340110290
  0.92535262748156344  0.93589275471615196  0.94648092258480410  0.95710345288822241
  0.96779982035358503  0.97855825967113930  0.98923221687496721  1.00000000000000000
 -0.00155902323307318  0.00802219126019208  0.01679325537209361  0.02628685541525295
  0.03601392444052496  0.04607795995390739  0.05637106316283447  0.06669731835513958
  0.07705482895038468  0.08736789238333117  0.09767061819034165  0.10797317420842999
  0.11835626976402412  0.12874075954481037  0.13911237167915194  0.14946378441246899
  0.15982725351982704  0.17024168803635853  0.18068600296139939  0.19114917654997518
  0.20161105528183584  0.21206851211795261  0.22257634688633934  0.23311424008870399
  0.24367485639174766  0.25416082166522191  0.26461766249031754  0.27508208632944914
  0.28559445688662161  0.29608489404433774  0.30653878556867004  0.31702617954777129
  0.32751536241208740  0.33797941654350788  0.34844231826313649  0.35892991586805784
  0.36946383689269502  0.37998842883488881  0.39048699608642606  0.40097144588189559
  0.41143473775018413  0.42192630467384401  0.43247740135068691  0.44311182119827014
  0.45376220882171420  0.46438464056280104  0.47494386887493312  0.48556477746031468
  0.49617301046123552  0.50679947222888055  0.51740843284288218  0.52805113216344879
  0.53866507601632352  0.54927024448235207  0.55984700162184886  0.57047876112567208
  0.58110783559379386  0.59173875497016692  0.60237449050031877  0.61300664554958173
  0.62357363262602294  0.63414325532323501  0.64464160073976762  0.65520687238435971
  0.66580711426474515  0.67650990561021007  0.68714655031103478  0.69771730771508522
  0.70823419993334580  0.71892178218367819  0.72961287643615425  0.74033823735915183
  0.75101189426862780  0.76167760834518594  0.77233091890694960  0.78294521146073659
  0.79360503591513820  0.80427405770884886  0.81498721842366828  0.82565972876736382
  0.83635540272796483  0.84706646353462201  0.85781606346695183  0.86853077658437805
  0.87927760198267713  0.88998917341634054  0.90067183813020080  0.91135409689171776
  0.92206332503085386  0.93267663173937954  0.94323756794448721  0.95379099547522739
  0.96461768679361481  0.97589338142116677  0.98765699783440841  1.00000000000000000
  0.24462285878097126  0.25071346947167017  0.26005481728677760  0.27020966863775259
  0.27969341237758344  0.28883018091680013  0.29748084263293856  0.30585098964955643
  0.31397502460969079  0.32176971872906085  0.32940054743727248  0.33673884091927003
  0.34385865776246916  0.35089854307305945  0.35775146586666551  0.36447470488698125
  0.37112408176881900  0.37765172557563603  0.38400470022547384  0.39030549874980580
  0.39651590977339213  0.40260926784760759  0.40861770187744939  0.41457797124728557
  0.42042006104493829  0.42620433847283556  0.43195106904185593  0.43763466927968320
  0.44321245729036668  0.44872559050307792  0.45418975028166697  0.45960998312113854
  0.46500243311192202  0.47040045105539807  0.47582984753514462  0.48123761899786921
  0.48659912707874309  0.49191629052629593  0.49721686893281097  0.50248223519314439
  0.50770264423012079  0.51289425466063787  0.51806280265549798  0.52319358807604621
  0.52825369399871314  0.53329411872781896  0.53830269185227109  0.54328138618704858
  0.54823025308948148  0.55315313853886450  0.55806455340101180  0.56299106586617254
  0.56788303055308864  0.57278312806173481  0.57764735899757957  0.58249499102166447
  0.58733249380165475  0.59213581954796224  0.59692888887252760  0.60169324280515046
  0.60641775723296543  0.61111579766839086  0.61580133047154995  0.62049452265523930
  0.62519957038271279  0.62992504071849842  0.63465692704551846  0.63936743184717426
  0.64406114678267856  0.64873689788624278  0.65339689565757175  0.65804316476654312
  0.66268206521028372  0.66727336541784621  0.67184785539015479  0.67641065473021089
  0.68100336229186054  0.68561610081373825  0.69018819762580930  0.69474536886517557
  0.69930616135631862  0.70386350186472735  0.70842563524480029  0.71298087785134601
  0.71753657985775876  0.72210243270081276  0.72662788977698378  0.73113612408752848
  0.73566743865013862  0.74017945617645020  0.74490955487901400  0.75072488583672792
  0.75386941830317855  0.76155257393004228  0.76826890279188731  1.00000000000000000
   9.6963784655932292E-003  -1.0000000000000000     
 F F F F F F F F F F F F F F F F F F F F F F F F F F F F F F F F
  <DiscreteSampler_grid>
  grouped_processes
  1 # 1 for a reference and 2 for a running grid.
  10 # Attribute 'min_bin_probing_points' of the grid.
  1 # Attribute 'grid_mode' of the grid. 1=='default',2=='initialization'
  0.0000000000000000 # Attribute 'small_contrib_threshold' of the grid.
  0.5000000000000000 # Attribute 'damping_power' of the grid.
 # binID   n_entries weight   weight_sqr   abs_weight
    13   10   2.202485917548785E+008   6.909559386387019E+016   2.202485917548785E+008
    14   10   2.202485917548785E+008   6.909559386387018E+016   2.202485917548785E+008
    16   10   2.931179724559960E+008   1.232644140791830E+017   2.931179724559960E+008
    17   10   2.931179724559959E+008   1.232644140791830E+017   2.931179724559959E+008
  </DiscreteSampler_grid>
