  0.30410675960443784  0.40529590220312978  0.40783044819442277  0.41047334912730982
  0.41393224413208224  0.41935664773700176  0.42240205904990574  0.42545578809328899
  0.42856204483515270  0.43139224373255025  0.43357949324828587  0.43567537213854191
  0.43744906568794578  0.43919489400008849  0.44107407026282636  0.44371212313743674
  0.44631073567391061  0.44828672798927849  0.45000200124148537  0.45167764258287835
  0.45337348976862263  0.45516421624381398  0.45713310723560802  0.45909439146478470
  0.46099421046105682  0.46284496088653787  0.46460478150077794  0.46618399089398399
  0.46770436075724103  0.46922045209693430  0.47072715628729545  0.47222919533596208
  0.47374065944718208  0.47525029348207587  0.47677597739727168  0.47827473538676335
  0.47977084267945208  0.48122688119900370  0.48266051609421523  0.48408635828290209
  0.48549673011950040  0.48688701683651581  0.48826151348409663  0.48961090816363262
  0.49094690585112533  0.49225314383642016  0.49353997259345039  0.49480577559153088
  0.49605704693729441  0.49730702577769442  0.49856068809859194  0.49982067830128668
  0.50107961518334010  0.50233433457418541  0.50358300759668329  0.50483435095587159
  0.50609756829216168  0.50737819481497048  0.50869664967764106  0.51003474179703068
  0.51141313045361991  0.51281117359269424  0.51422479587104153  0.51565377304786930
  0.51709563491210886  0.51854177147650193  0.51998593559802142  0.52145477621945691
  0.52300360663662881  0.52453910209792931  0.52608366333813250  0.52763448971286853
  0.52919921642207657  0.53087234278730278  0.53265785930238241  0.53443949446406347
  0.53608476785913284  0.53763206674782171  0.53916434345260644  0.54072972027352584
  0.54257568637825337  0.54464614584091875  0.54672786529786255  0.54898587162584667
  0.55142847690791619  0.55398204392050621  0.55653119427897557  0.55877938655569037
  0.56113145993653135  0.56352530668965184  0.56602471152111766  0.56851114657037760
  0.57081707089443556  0.57298015003451341  0.68608186532251014  1.00000000000000000
 -0.00255661085245990  0.00973649100177887  0.01998567833627673  0.03047125251129389
  0.04092085153730103  0.05148352266029527  0.06204262561830418  0.07252660756443580
  0.08304439477195084  0.09373754477511537  0.10453725721697256  0.11529797807120397
  0.12596965336039517  0.13648397826325753  0.14696327600303760  0.15746569376301803
  0.16792561779874851  0.17849784973558910  0.18901052275342356  0.19956210403648150
  0.21018373581371777  0.22092959936685277  0.23165200363114519  0.24232758201790358
  0.25298694988104492  0.26381181543176346  0.27455433764466602  0.28520538782261023
  0.29575269716376335  0.30626666844871409  0.31679743249807718  0.32724095064004272
  0.33772492497853274  0.34822938617744698  0.35874677144626171  0.36930011629809617
  0.37978327591566524  0.39029270879735395  0.40066734293497103  0.41103388750667608
  0.42137806708313258  0.43174419505315981  0.44208185023196478  0.45241316978741647
  0.46273228817593359  0.47305503721088932  0.48340039964646181  0.49386009126073621
  0.50432057373202610  0.51482864283739127  0.52537732736851572  0.53605137263770097
  0.54669990361808207  0.55723569463191247  0.56761764157254380  0.57797892752874802
  0.58842053055274668  0.59895981894944439  0.60951061187518096  0.61995675699941533
  0.63042569135756399  0.64097633409208099  0.65160330978543479  0.66220640629086702
  0.67272870031937149  0.68322415595501085  0.69369264832876165  0.70423954056579874
  0.71486151893292382  0.72550201931060199  0.73610714295883384  0.74671453097098506
  0.75726012310560387  0.76790606776299686  0.77836773021959382  0.78895918028117262
  0.79946433230465797  0.81001788018267573  0.82057880072976197  0.83116670435943296
  0.84179672317793386  0.85235351125466829  0.86295993817130112  0.87355708855270930
  0.88417002635690123  0.89476239567144278  0.90532491393320580  0.91577560259021695
  0.92644831987070553  0.93706335832750443  0.94762410930318985  0.95815083661279188
  0.96866985964346597  0.97931111001101756  0.98966397760336666  1.00000000000000000
  0.50503745906097863  0.51391407202081052  0.52031844874187327  0.52757439421010399
  0.53470565820940408  0.54124272576920673  0.54773730057871239  0.55418669804619236
  0.56055057207065828  0.56683609736275042  0.57309218930258576  0.57925820922189575
  0.58535896214514105  0.59140533359158953  0.59747151167699664  0.60352945968994520
  0.60952582456722726  0.61542786651760073  0.62126928200240150  0.62706116817324098
  0.63281127713508678  0.63851184056661336  0.64415116372579340  0.64975908774071311
  0.65539329442333738  0.66104765189811499  0.66664965562165257  0.67216409426760437
  0.67761605116917234  0.68305272361259883  0.68844696534670102  0.69379577214872201
  0.69909495189047810  0.70434652587018920  0.70956684482289323  0.71472362775914822
  0.71988717999439966  0.72505662815974348  0.73020641848865164  0.73533452846984571
  0.74044356186428262  0.74552250434813816  0.75054616262671048  0.75546342720860848
  0.76033798148139697  0.76519143310182358  0.77007111590626187  0.77490973270180097
  0.77970049475282621  0.78443512996552456  0.78918062648027809  0.79386830178955237
  0.79853832697006100  0.80318819834351973  0.80783785120572826  0.81247541298829606
  0.81708260346198625  0.82165653805198535  0.82619058256906930  0.83068329072942804
  0.83517065471682694  0.83966187746429155  0.84415292177199175  0.84861911040617632
  0.85305267046419264  0.85746438349392029  0.86185147312709764  0.86623564359433036
  0.87062255295983337  0.87499091251718419  0.87933283984595323  0.88364969653304593
  0.88797326830258716  0.89230222877190124  0.89663344480229867  0.90098213524631199
  0.90534465719285007  0.90972146488412875  0.91410329917456568  0.91850426510528960
  0.92295886606053823  0.92744308781564067  0.93194857139747045  0.93648976403827833
  0.94114394734799556  0.94589324490639470  0.95066233430600067  0.95548239020492765
  0.96047812661862442  0.96567778391959369  0.97096206582693312  0.97635759995475258
  0.98199004802003853  0.98786777645776425  0.99389420561137132  1.00000000000000000
  0.30677842175797265  0.30901444253809562  0.31241360377224153  0.31675597158043323
  0.32157522249960530  0.32636284885980649  0.33111953690632701  0.33584206453532633
  0.34052203418131283  0.34517985400834078  0.34983422512254725  0.35447038137596726
  0.35903384902199142  0.36356648543040587  0.36810131800981449  0.37263348309571026
  0.37712904119149238  0.38157187473338988  0.38599687824491541  0.39041822607766491
  0.39483261829081967  0.39924398799892824  0.40364890288580302  0.40803031844631799
  0.41238244408068458  0.41670539280594276  0.42102711538581133  0.42534531057666403
  0.42966027693896780  0.43396772796009231  0.43826999973044362  0.44255204835233258
  0.44682197836277271  0.45108058552618363  0.45533441228818822  0.45956356043030222
  0.46377410189758117  0.46798761201546613  0.47220616101913737  0.47642342645747010
  0.48062647985256429  0.48480554791009994  0.48897044232618536  0.49312608994775314
  0.49727602194563009  0.50141646568035203  0.50553625152195436  0.50963804790426837
  0.51372367346750569  0.51780584464083024  0.52190989524990994  0.52605640527132069
  0.53023085669145564  0.53439924519743676  0.53856582354464733  0.54273113015204388
  0.54688492290454838  0.55101749854495230  0.55513507465906964  0.55925570575514238
  0.56337732028099374  0.56747913891545110  0.57156399144249048  0.57564522170333954
  0.57971939333228706  0.58377834309111587  0.58777095093731258  0.59176948294392007
  0.59577688342781010  0.59977304983924373  0.60374989163280046  0.60770088068661032
  0.61164347570654343  0.61559245636199778  0.61954195112262289  0.62347430177868501
  0.62738963723332664  0.63128826632722468  0.63517508524313226  0.63907357408253929
  0.64296302226862068  0.64685821026094126  0.65073343648545834  0.65459134346312220
  0.65842458845912266  0.66225152438000368  0.66608179787668997  0.66989091531277267
  0.67367549351317613  0.67742441121945085  0.68115852295170742  0.68511135867904649
  0.68818991173423338  0.69062119283220236  0.69261466980818009  1.00000000000000000
   8.5733769303822209E-009  -1.0000000000000000     
 F F F F F F F F F F F F F F F F F F F F F F F F F F F F F F F F
  <DiscreteSampler_grid>
  grouped_processes
  1 # 1 for a reference and 2 for a running grid.
  10 # Attribute 'min_bin_probing_points' of the grid.
  1 # Attribute 'grid_mode' of the grid. 1=='default',2=='initialization'
  0.0000000000000000 # Attribute 'small_contrib_threshold' of the grid.
  0.5000000000000000 # Attribute 'damping_power' of the grid.
 # binID   n_entries weight   weight_sqr   abs_weight
    10   10   4.399386328012605E+005   3.377881535467480E+011   4.399386328012605E+005
    11   10   4.399386328012605E+005   3.377881535467480E+011   4.399386328012605E+005
  </DiscreteSampler_grid>
