  0.01196520810137075  0.01651282111897157  0.02457294425452029  0.03434717018926911
  0.04389134491405889  0.05355465704157040  0.06337617488342853  0.07326583966464353
  0.08317902703856238  0.09323582161433572  0.10346262149838707  0.11385529637084352
  0.12440870733245205  0.13515446802714495  0.14599521821454725  0.15700549244597967
  0.16805389652837766  0.17932529862335825  0.19069456263983420  0.20225118179075197
  0.21378082540808130  0.22528931138179989  0.23688173048165967  0.24866075257170456
  0.26065172514658802  0.27274644615826499  0.28487617404096233  0.29705475142730520
  0.30932040492718887  0.32167936579442147  0.33417703477646404  0.34680597754130399
  0.35948479493179075  0.37218885610130931  0.38499207825600662  0.39788690278362765
  0.41072635790784290  0.42347192287064439  0.43617766074803377  0.44888109465342768
  0.46157279299755627  0.47417850782917104  0.48677224409196135  0.49930052932143371
  0.51179928793190610  0.52421592793793703  0.53658438454979140  0.54887117697168164
  0.56109176001076333  0.57322972874787481  0.58528079617931461  0.59722275672980119
  0.60904512592252724  0.62070074070809478  0.63220107380314727  0.64354342471661341
  0.65470743273959509  0.66571463069741454  0.67657083479369517  0.68728812557024088
  0.69784957290025695  0.70829471034920566  0.71856875873189985  0.72872543417946889
  0.73878759846665831  0.74878676100561203  0.75864689932138718  0.76842027767200693
  0.77807093131605853  0.78761777851944981  0.79697383829515056  0.80621291167130060
  0.81534414749648876  0.82433386670484066  0.83322054519347899  0.84199563393166843
  0.85075199930874068  0.85942636674146788  0.86804145768557217  0.87652998745131039
  0.88487079678669489  0.89315344643859162  0.90129870841445170  0.90938050241492829
  0.91734079593191364  0.92519199669325336  0.93298373539269397  0.94073954036029850
  0.94843132037362587  0.95601191643255190  0.96344752737669415  0.97074416774330041
  0.97796448817475590  0.98515138760696885  0.99212334032601313  1.00000000000000000
 -0.00252201950214957  0.00966058388234642  0.01990583505509286  0.03042439023480464
  0.04090615655895804  0.05149130314990856  0.06206995383095572  0.07252887741301631
  0.08300503270028214  0.09338228510876989  0.10382917986623046  0.11422409903863236
  0.12470125006104399  0.13523832839284033  0.14581348185450774  0.15638484126215949
  0.16698610043525242  0.17746952077370473  0.18802989302238127  0.19853803801911521
  0.20903818390804582  0.21951987974785975  0.22997884534663929  0.24039177191983280
  0.25071436620299964  0.26103086559026123  0.27139783847786969  0.28184319223130289
  0.29234939325660864  0.30281758820399046  0.31327649927901902  0.32381969912253072
  0.33436226849546685  0.34496183444415601  0.35563271550221276  0.36635538003244889
  0.37689927381622912  0.38740704620065752  0.39788851906659006  0.40844642885787957
  0.41892019978543438  0.42940503108829603  0.43984995321898118  0.45031778931585342
  0.46086168200589173  0.47151592469874681  0.48207322553088156  0.49261285017172324
  0.50313800339807069  0.51378233700784315  0.52441719815756993  0.53504941063996225
  0.54566728295264599  0.55621961708097156  0.56670952040612510  0.57716590697635850
  0.58769733056592044  0.59824363703976613  0.60880091030629979  0.61932626419259496
  0.62984428321957897  0.64042968472908957  0.65095476416533116  0.66158903077614539
  0.67208458435006857  0.68251253008481105  0.69283795769799106  0.70319868321674484
  0.71366345836580025  0.72417912460766254  0.73477082089215884  0.74535841282943538
  0.75602656392034739  0.76667404324236021  0.77735663957171452  0.78800860466349065
  0.79867138814656313  0.80928681980229855  0.81990144893289607  0.83056698371384197
  0.84127248950801137  0.85189368853555003  0.86247652176154532  0.87310602166927287
  0.88391139379296324  0.89469591350608424  0.90541720826939875  0.91615463750125181
  0.92681376916352676  0.93731976290297825  0.94773218862395991  0.95816503804622921
  0.96861667211429781  0.97898598366242007  0.98945815615779487  1.00000000000000000
 -0.00153104930708732  0.00797421616816290  0.01665168786384713  0.02605998275578186
  0.03565198842662047  0.04560932794666227  0.05566095004582311  0.06576732948765414
  0.07592816812886860  0.08615572453742375  0.09639441909785683  0.10665985277983174
  0.11693476855337764  0.12722679695767755  0.13753539014354146  0.14792740563040219
  0.15838056641804790  0.16883814877652159  0.17926107077286338  0.18965295924130118
  0.20006753245277567  0.21044921511868783  0.22085884916918602  0.23137291052753320
  0.24197427525260271  0.25257397908887153  0.26312739847435523  0.27372842009385479
  0.28434739946465409  0.29491374631401868  0.30542827456098826  0.31589474134870815
  0.32636819990953952  0.33685795290872417  0.34740940563350053  0.35792186760172739
  0.36838779962504720  0.37892063085174116  0.38949678834482215  0.40003803667572935
  0.41053120537204518  0.42104123984988490  0.43157087537001848  0.44207517660004603
  0.45256090192636211  0.46303796124293189  0.47350192595424684  0.48403288404774358
  0.49459359141079684  0.50515107645791058  0.51568094850319968  0.52616760342763647
  0.53663154258615553  0.54706340576231494  0.55752953829221452  0.56804617731713003
  0.57852712473186874  0.58901505110194696  0.59951404681247233  0.61002255771993230
  0.62056645550997480  0.63113549812630942  0.64180933150562114  0.65251327704052842
  0.66323929567748807  0.67388097689660198  0.68450109017516936  0.69510150645103375
  0.70571408306349226  0.71632963320915932  0.72692651068564285  0.73755734497138870
  0.74828293260977963  0.75907323435481988  0.76984324190216991  0.78054310792394221
  0.79116920930544887  0.80180985752452572  0.81239598366411003  0.82296639232008451
  0.83352661320207144  0.84408845461497661  0.85469013199219124  0.86532850064469491
  0.87613596565473661  0.88694844966516506  0.89781549176328179  0.90866022981624095
  0.91957022710539771  0.93046749394826289  0.94137693255258048  0.95231579888324547
  0.96335942827682486  0.97468249951529762  0.98692304473503922  1.00000000000000000
  0.24796432760178924  0.25691512008691486  0.26712668892399211  0.27647561406449350
  0.28549469878503025  0.29419153215685040  0.30251478358802397  0.31060131463264312
  0.31836358839190454  0.32594325499127835  0.33334591813425368  0.34046124454067778
  0.34742323313313556  0.35428920870384639  0.36086357020279314  0.36736816903500380
  0.37384819697171251  0.38014135870501892  0.38635469011948165  0.39248537492624480
  0.39850251157838879  0.40436386053514167  0.41017376343143824  0.41591499673557947
  0.42156236083615983  0.42718256104051056  0.43280935131245607  0.43842263312293123
  0.44397170890259552  0.44946198127178172  0.45489389915875678  0.46026642578847138
  0.46557848014372227  0.47085620123998517  0.47612016309074356  0.48136680058410847
  0.48660443779320978  0.49179901150451949  0.49695328259186322  0.50207479413524314
  0.50713542778002929  0.51223166062494119  0.51732555963252280  0.52241170050077046
  0.52745571810052228  0.53247278844948243  0.53743863559521277  0.54235477075683469
  0.54724562887926254  0.55211888762596373  0.55699012634433098  0.56181611052907254
  0.56663011869023672  0.57143977137038082  0.57625849196970846  0.58104953959346128
  0.58579115221513456  0.59046858921062495  0.59513388369135989  0.59982639589555864
  0.60452407720403056  0.60919048975733181  0.61383315387257364  0.61845517163317143
  0.62309729651192780  0.62771363200677699  0.63231506135170967  0.63688675365483005
  0.64142900538210590  0.64593956090359628  0.65043725449248768  0.65493611207877978
  0.65944012204851254  0.66395467690178023  0.66846229752693287  0.67295187640810783
  0.67743592958926513  0.68191792289401709  0.68639427804114528  0.69085944902865559
  0.69530522275707829  0.69973089166086311  0.70416135815628333  0.70860793704139469
  0.71307496134405246  0.71753556951770581  0.72196844509298652  0.72636354820242721
  0.73086079601509801  0.73543875173331041  0.73999036566485787  0.74471760814266075
  0.74900596540750208  0.75220608772869468  0.75421903005229118  1.00000000000000000
   9.8152547991448742E-003  -1.0000000000000000     
 F F F F F F F F F F F F F F F F F F F F F F F F F F F F F F F F
  <DiscreteSampler_grid>
  grouped_processes
  1 # 1 for a reference and 2 for a running grid.
  10 # Attribute 'min_bin_probing_points' of the grid.
  1 # Attribute 'grid_mode' of the grid. 1=='default',2=='initialization'
  0.0000000000000000 # Attribute 'small_contrib_threshold' of the grid.
  0.5000000000000000 # Attribute 'damping_power' of the grid.
 # binID   n_entries weight   weight_sqr   abs_weight
    13   10   1.467563886891323E+008   4.253908403415141E+016   1.467563886891323E+008
    14   10   1.467563886891323E+008   4.253908403415142E+016   1.467563886891323E+008
    16   10   1.907351208558536E+008   7.346020421870678E+016   1.907351208558536E+008
    17   10   1.907351208558536E+008   7.346020421870677E+016   1.907351208558536E+008
  </DiscreteSampler_grid>
