  0.01335332246146109  0.01896453487778754  0.02702783867872326  0.03727221856182698
  0.04712559251581849  0.05701027550206710  0.06694303506180960  0.07692410196715306
  0.08693628050108722  0.09699134552312171  0.10707665124402770  0.11719366506445504
  0.12732975132137034  0.13750107617093332  0.14770121076786413  0.15792253681808424
  0.16812335922241420  0.17835124969139132  0.18858918844699241  0.19886309133770616
  0.20912075949912790  0.21940411329531814  0.22973860790477399  0.24012701684682594
  0.25052113973829759  0.26093719360905815  0.27136954700030946  0.28183350014671854
  0.29231708099421783  0.30277670612994051  0.31323686375075793  0.32365509299189887
  0.33410177005712938  0.34460899935603106  0.35513883609494024  0.36566833083093769
  0.37619004077712659  0.38671918632156199  0.39726660104435912  0.40785423093631906
  0.41852321743595838  0.42924864571423321  0.43998453770622215  0.45072424302050312
  0.46152118906975287  0.47236422094006325  0.48327741461957863  0.49426069290993513
  0.50523623998937772  0.51622877872086592  0.52716593956272062  0.53810354819571060
  0.54904769308227575  0.55994607520761441  0.57068320160049668  0.58133486160545089
  0.59204905269230490  0.60280615466629961  0.61350192421556748  0.62414948999484876
  0.63484471163307776  0.64550639704096480  0.65607074925476006  0.66660277176066496
  0.67714184025261404  0.68766653506722275  0.69813556618553718  0.70854600487503017
  0.71892374556347383  0.72930232970192832  0.73963367155305526  0.74992449090296964
  0.76018282872891918  0.77044369673876201  0.78071546884548315  0.79101471905747733
  0.80134221573503994  0.81166755719562711  0.82195550400625028  0.83222984786583831
  0.84247466580179742  0.85268374011809545  0.86288299044890504  0.87307790748790082
  0.88326482834654285  0.89341278758832998  0.90353022612765610  0.91358722923749902
  0.92359477368150100  0.93355576867644663  0.94350391281005408  0.95340599145230309
  0.96326136192330181  0.97289465568656242  0.98297900679103023  1.00000000000000000
 -0.00247162523610539  0.00934015377373722  0.01939286892640426  0.02981816263110703
  0.04027709022291982  0.05087305335588921  0.06141752835060232  0.07198135583336683
  0.08252251052023041  0.09312589757080099  0.10377094938882930  0.11435445540043912
  0.12493661931834621  0.13554678263717279  0.14615938884246002  0.15673724921503632
  0.16735736713316843  0.17797565125065451  0.18857760544162608  0.19908147280172087
  0.20956141550068388  0.22012977995324221  0.23075475498958406  0.24141905892631713
  0.25203368847902818  0.26256734704698609  0.27316399388066198  0.28373200118788938
  0.29427834772987160  0.30470623897129417  0.31517107816602746  0.32566835720978166
  0.33620453463466160  0.34677068293281527  0.35737634403013896  0.36793130899736287
  0.37841937999070746  0.38889671747609206  0.39936128805089577  0.40984713297983832
  0.42034170905664747  0.43087864170861612  0.44139233771180425  0.45184931007503476
  0.46230648780074907  0.47276315394065543  0.48326996006652045  0.49382470841342507
  0.50439405681394212  0.51498555958457892  0.52552868498883809  0.53608159734027150
  0.54659952244236865  0.55719996323597243  0.56778448277049054  0.57839382889777824
  0.58892785109367451  0.59947109591832715  0.60999092941012234  0.62050608438793331
  0.63104130236408174  0.64158235316954604  0.65212741487553183  0.66272492096877589
  0.67324729579009945  0.68387907931939795  0.69439586206594239  0.70490757156715489
  0.71530229351246788  0.72583189660095049  0.73643692737908106  0.74701183198951582
  0.75746317697371923  0.76783143220290129  0.77831419589416373  0.78882568749232607
  0.79946037277493187  0.81000716823401253  0.82052223524247159  0.83096870491186114
  0.84143851781763668  0.85197474025891429  0.86251384790488794  0.87310507025582562
  0.88366367208206131  0.89426713072099884  0.90484919865048430  0.91542385873923027
  0.92608280335938808  0.93672957791510969  0.94736250787209930  0.95800297289898773
  0.96855342032452363  0.97910702782445980  0.98955041876722805  1.00000000000000000
 -0.00207120550909062  0.01001296749503742  0.02024973360791971  0.03076363660087790
  0.04121773979611358  0.05170481444734636  0.06217452522856445  0.07265456403275974
  0.08321139034335544  0.09381596908134965  0.10440392278306904  0.11491472075399567
  0.12541141068554690  0.13600043509051998  0.14658607075719027  0.15713843931384741
  0.16765845254169787  0.17816901916907343  0.18869174375510189  0.19915524090080669
  0.20961048689106013  0.22012778096023350  0.23066562010871200  0.24117277984890623
  0.25169490147871804  0.26228948640414806  0.27291318742805137  0.28351944113032418
  0.29405434795066987  0.30460511027470438  0.31511924444531508  0.32557136403591830
  0.33598250961140330  0.34640571706517320  0.35688735660780174  0.36744699524104868
  0.37798539056260294  0.38863016001229450  0.39920275968349106  0.40976736971489358
  0.42034482845987026  0.43099856953479504  0.44159465947737264  0.45209152992310842
  0.46259720504020335  0.47311498117973133  0.48366028486551327  0.49423952014970352
  0.50485291887481276  0.51556301929975401  0.52620938528987615  0.53691915739746909
  0.54749456853389022  0.55802799069230469  0.56847502557707907  0.57888837185349851
  0.58932231139608449  0.59977976023280122  0.61035597590444868  0.62098818633736941
  0.63158278619732355  0.64212301902647062  0.65269502514150191  0.66332643210847297
  0.67391832338423796  0.68443674480266514  0.69493068179595741  0.70539629658308989
  0.71589188865144304  0.72637388651476131  0.73691095956506569  0.74738801595748139
  0.75789047100804929  0.76838329111139481  0.77890739915152218  0.78941393892725686
  0.79995381327580495  0.81050525108155713  0.82102370039083128  0.83153029702144887
  0.84204919988211313  0.85255404901969645  0.86299841255230969  0.87344780263179378
  0.88395947193945068  0.89449237718669139  0.90498757980382039  0.91537069990561637
  0.92580881151007310  0.93647750083868531  0.94725586177298415  0.95786479068825359
  0.96834396549499291  0.97882690702370745  0.98942235509492160  1.00000000000000000
  0.23638612899089048  0.24596530763429239  0.25289265286660723  0.26063667219671161
  0.26805119304600722  0.27523337538412918  0.28219900560090588  0.28904102863380637
  0.29568489712018081  0.30216687916012641  0.30855036161725269  0.31480444479018527
  0.32091045851160704  0.32692127824876305  0.33284775141322703  0.33865609558210336
  0.34438693133292236  0.35006882244151755  0.35566794152926973  0.36117338169546676
  0.36661827641943912  0.37202270283382455  0.37735971366910487  0.38262441237469719
  0.38785790481015886  0.39306382510960880  0.39821799378791167  0.40329412804262482
  0.40835305641441960  0.41339399547512445  0.41840350488705180  0.42336581666374440
  0.42830983221176278  0.43323907099536046  0.43814519661431289  0.44302515015100702
  0.44790273337564046  0.45280035184948320  0.45767157235325262  0.46250591858104151
  0.46729674486566797  0.47207813085454903  0.47687011566388815  0.48164823212878327
  0.48641911769744761  0.49118301253739816  0.49593781276417787  0.50069197914811525
  0.50543511431832022  0.51017607672926946  0.51492388499106412  0.51968898327908741
  0.52447287275502164  0.52926101167391204  0.53405205037724490  0.53885492962557646
  0.54367830003686635  0.54852149915619908  0.55336197010737675  0.55820435007170910
  0.56306118298131658  0.56797034142007408  0.57289632274366842  0.57783827773894636
  0.58278878574514315  0.58779376164747421  0.59282989115283469  0.59789658009658064
  0.60298965960784712  0.60813907693841185  0.61333905712948866  0.61856928166648240
  0.62384961650087667  0.62920310795043555  0.63461553325690201  0.64005980879480817
  0.64555311046682506  0.65117933334604261  0.65686944168476968  0.66261162511451666
  0.66843186871030957  0.67440578451123934  0.68044725051358590  0.68654946277961870
  0.69286038788433724  0.69925848036757443  0.70572986950991168  0.71242475647604941
  0.71931396077248277  0.72632685073931391  0.73354219300113643  0.74101369722043653
  0.74817004307651291  0.75271065809076132  0.75479606188273374  1.00000000000000000
   9.8706206457908529E-008  -1.0000000000000000     
 F F F F F F F F F F F F F F F F F F F F F F F F F F F F F F F F
  <DiscreteSampler_grid>
  grouped_processes
  1 # 1 for a reference and 2 for a running grid.
  10 # Attribute 'min_bin_probing_points' of the grid.
  1 # Attribute 'grid_mode' of the grid. 1=='default',2=='initialization'
  0.0000000000000000 # Attribute 'small_contrib_threshold' of the grid.
  0.5000000000000000 # Attribute 'damping_power' of the grid.
 # binID   n_entries weight   weight_sqr   abs_weight
    10   10   1.040864072014980E+005   1.618903792863927E+010   1.040864072014980E+005
  </DiscreteSampler_grid>
