  0.00463015682509266  0.04523072148243340  0.07744778841899982  0.10324953084956973
  0.12313164419731480  0.14104898449866712  0.15734300624100842  0.17218514070338201
  0.18602627263517713  0.19959937851396517  0.21319491668271240  0.22711509418317846
  0.24087506208866730  0.25411684924395689  0.26637943998877889  0.27852562052268875
  0.29044644421989246  0.30201904660005979  0.31329961269133072  0.32454425203317372
  0.33627941180863868  0.34787129005981865  0.35908091183425134  0.36977798260413042
  0.38003126851590424  0.39018624055184731  0.40043150499949248  0.41067685341040955
  0.42045700381694578  0.42988859614835578  0.43942231118658293  0.44911480509444524
  0.45858865449821490  0.46750741013498126  0.47622365071475775  0.48505834495840444
  0.49452926087916727  0.50414490978477133  0.51419881288763158  0.52354601497850983
  0.53238169274674885  0.54096727643009668  0.54972181921121721  0.55860821509346248
  0.56707196438520946  0.57464867095567695  0.58225755518548750  0.58962075061782093
  0.59658589543302920  0.60341554832343069  0.61021840841515895  0.61763334628135957
  0.62520275130960623  0.63307383512942028  0.64113352058556683  0.64895004140694501
  0.65663098306503120  0.66415648988738052  0.67114676885048830  0.67801965322714219
  0.68473781507655618  0.69155064768405461  0.69828126421262193  0.70497610537051325
  0.71169887404435783  0.71855060955873862  0.72581546046729850  0.73345379627189333
  0.74084103615107344  0.74771299807197056  0.75426255440481726  0.76080930434587579
  0.76779263094073003  0.77490573445809763  0.78219341370118012  0.78950168812597921
  0.79669196279305776  0.80396675073296797  0.81118330684246709  0.81868122325771353
  0.82669737015309419  0.83484382980108907  0.84288689803059524  0.85067410493498186
  0.85825852945493464  0.86585933659854586  0.87356511422677063  0.88146339983646571
  0.88966709165120661  0.89864066090476846  0.90917127859229574  0.92188464852291074
  0.93624482072917536  0.95187737695484886  0.97176451677085884  1.00000000000000000
 -0.00232828801483425  0.01005482157169323  0.02097897000214632  0.03196426838675456
  0.04300650989192316  0.05358047506119871  0.06335043987119081  0.07332883875335287
  0.08364913150080430  0.09433070156402856  0.10520657067590587  0.11587648188682316
  0.12633487686330502  0.13653206014657973  0.14647125506835104  0.15635815451644069
  0.16639791717697544  0.17657952965195015  0.18649020354891974  0.19597125472525703
  0.20577190639964199  0.21636031790178281  0.22761357744711225  0.23832800256265838
  0.24902845452556061  0.26027558008876539  0.27189296452264800  0.28277442987789153
  0.29310873372109775  0.30332349676377279  0.31328237338468595  0.32295316500930960
  0.33254687002227901  0.34250638869826922  0.35236479145143434  0.36180044489010382
  0.37131860518953735  0.38133253525150546  0.39173826634405129  0.40209160832144547
  0.41251533198704177  0.42300741480660242  0.43333782229805123  0.44390185760306666
  0.45484860237420116  0.46598451150368114  0.47708975583493451  0.48832795480091684
  0.50004761177248469  0.51214357138875466  0.52488961227032249  0.53777956646206315
  0.54960324941724747  0.56040900268962801  0.57070191661293035  0.58082311165356804
  0.59070758711364524  0.60029215580885242  0.60992028814167620  0.61989536756226926
  0.63029787470211440  0.64096543739631218  0.65172546793641473  0.66254518492054781
  0.67337495047720997  0.68390345641722294  0.69470253645088087  0.70569621972683250
  0.71756857235386229  0.72926562167379383  0.74102708171323506  0.75241826310758764
  0.76349837019783995  0.77377561175482568  0.78377338780319517  0.79415431149284854
  0.80573084152079189  0.81759314454108178  0.82896171625286508  0.83971987250862234
  0.85010485493320675  0.86014641315157936  0.86981168486114291  0.87962564527582565
  0.88933662576641004  0.89950208779171492  0.90974904800480960  0.92010976084726248
  0.93018294438006466  0.93993410418280798  0.94946039495991541  0.95877520563428675
  0.96879676849467611  0.97901406452008188  0.98959550825299425  1.00000000000000000
 -0.00245397125049740  0.00973739259401961  0.02016072426092898  0.03100014373100407
  0.04122821962192071  0.05131335161788733  0.06138255383823259  0.07201200699215329
  0.08287999514331484  0.09387214073330367  0.10498605633841895  0.11561370654794799
  0.12640887305193421  0.13663447891407030  0.14710756105802741  0.15749410085661969
  0.16823116355490067  0.17917884373930093  0.18980445074385485  0.20051944624526283
  0.21092790505089978  0.22163213507992879  0.23267354320842767  0.24391328773576323
  0.25500088968355761  0.26601398750292637  0.27693182100580643  0.28811713482503276
  0.29912986310690193  0.31044601869738153  0.32185021760951316  0.33307881202050127
  0.34393531881023642  0.35473270667738638  0.36580182583385940  0.37740981350453695
  0.38934311290937801  0.40057117141784077  0.41103731436427532  0.42086889463878641
  0.43097929631576631  0.44182270674936808  0.45274975086836955  0.46346539719907293
  0.47405978056652415  0.48486500445611080  0.49566183823437199  0.50567867170614467
  0.51510193684617078  0.52477154943073478  0.53439950600025310  0.54454177295438788
  0.55457916015027886  0.56529001587891214  0.57542683607526834  0.58608727563903695
  0.59720909714241344  0.60905069163864700  0.62011022611990119  0.63027469783679158
  0.64042322169509880  0.65121183100699520  0.66265821184639473  0.67383951367334871
  0.68408917445157835  0.69393681110351324  0.70336464883917660  0.71316349451022931
  0.72289934240092568  0.73277164895195335  0.74261567676311691  0.75295060345552733
  0.76407520713023103  0.77539756646249158  0.78646072973039216  0.79755213215569254
  0.80830010420338538  0.81941630547384980  0.83048782229231588  0.84135724289744174
  0.85152797903179644  0.86140467125755327  0.87114124035178320  0.88073195183044772
  0.88989160901298581  0.89912573526952555  0.90914290532150233  0.91940197985241101
  0.93005997802624574  0.94062357282236819  0.95136467810429237  0.96168896825059524
  0.97149086041535271  0.98101229062395690  0.99042444916863015  1.00000000000000000
  0.23922996575243591  0.24460637219121451  0.25074809932900599  0.25842797377654952
  0.26523892058722193  0.27208363724840945  0.27835928817875294  0.28513457622860117
  0.29201457140944614  0.29892992161372334  0.30534466934152371  0.31141863376536283
  0.31726302206880297  0.32330121834798548  0.32939329045364341  0.33543768530720081
  0.34129306643840551  0.34715064975368487  0.35312618422104292  0.35923071545400242
  0.36522860566298282  0.37091558658696261  0.37634089046784042  0.38151157874089070
  0.38668932748391027  0.39190208381057323  0.39715904739362001  0.40233957475682974
  0.40738480975727837  0.41241166068044188  0.41740468846355322  0.42238311453208860
  0.42735062060849838  0.43241199675115105  0.43772095209331613  0.44312145809668102
  0.44839896835649523  0.45356460673121385  0.45873252477963444  0.46399679950728556
  0.46924022759188588  0.47433334598679172  0.47929102004298402  0.48436640390488062
  0.48943450558826213  0.49469959106378486  0.49973389584492939  0.50479061324422936
  0.50998989380823601  0.51539214554140267  0.52108407021736769  0.52662299128560530
  0.53190425682776277  0.53709598089268817  0.54209675954065428  0.54713738727909267
  0.55181688858778399  0.55674190014528346  0.56158460285491840  0.56653465893233335
  0.57131693794765948  0.57625282824998891  0.58123733291393875  0.58628372700339237
  0.59138146291153892  0.59661094009543147  0.60193717345759279  0.60715634719461775
  0.61236156322865531  0.61749164763445130  0.62269447838414282  0.62806780634866632
  0.63343179386737192  0.63871202061200361  0.64394005554022893  0.64929390324229719
  0.65488153743679856  0.66039374726091005  0.66593392903897408  0.67135380728397764
  0.67694808572303300  0.68264973727275502  0.68838181329318227  0.69444483973681592
  0.70030613995912294  0.70664828240986088  0.71321411678359881  0.72015352267700417
  0.72706177071881228  0.73445095644032754  0.74222524202186768  0.74994432689422397
  0.75637264217491285  0.76162456473236451  0.76718506020905275  1.00000000000000000
   4.4612175066795022E-050  -1.0000000000000000     
 F F F F F F F F F F F F F F F F F F F F F F F F F F F F F F F F
  <DiscreteSampler_grid>
  grouped_processes
  1 # 1 for a reference and 2 for a running grid.
  10 # Attribute 'min_bin_probing_points' of the grid.
  1 # Attribute 'grid_mode' of the grid. 1=='default',2=='initialization'
  0.0000000000000000 # Attribute 'small_contrib_threshold' of the grid.
  0.5000000000000000 # Attribute 'damping_power' of the grid.
 # binID   n_entries weight   weight_sqr   abs_weight
    10   10   9.219230482420309E-036   1.754083254932622E-070   9.219230482420309E-036
    11   10   9.219230482420309E-036   1.754083254932622E-070   9.219230482420309E-036
  </DiscreteSampler_grid>
