  0.01048529559220649  0.02013614192664676  0.02872080512611324  0.03784699246434158
  0.04705626305327996  0.05668732504953741  0.06614982010915675  0.07570753140706206
  0.08520983695111722  0.09497508761448543  0.10487177440005831  0.11492023574086278
  0.12505524188772926  0.13538015894350458  0.14588144763360286  0.15665410283119593
  0.16756459643576788  0.17866106809666740  0.18992005208051504  0.20138307738992314
  0.21293014361783730  0.22443283431048444  0.23612039887294184  0.24798591399472747
  0.26000489264535009  0.27211382010685914  0.28449230896481786  0.29703908401064366
  0.30973206549477628  0.32249370024177926  0.33538188395697571  0.34835339798581877
  0.36132187958724993  0.37425607730062560  0.38721621081286778  0.40023015206497248
  0.41326133231085033  0.42632140143850367  0.43941013139861695  0.45246620461731485
  0.46546828112437622  0.47844454606952203  0.49138963769031735  0.50427566369800336
  0.51713758977961821  0.52994546112905927  0.54263204580866597  0.55520134356236894
  0.56765840539301748  0.57998016423522714  0.59209014901706625  0.60404032276682151
  0.61576990606723803  0.62742491186827309  0.63896662460246356  0.65039636505602128
  0.66159578417217912  0.67266079925987021  0.68346678225183521  0.69418137730076157
  0.70471018739149638  0.71519124043294624  0.72548953089578028  0.73565023184316736
  0.74564675769878019  0.75552317835779126  0.76526414168877244  0.77491719847180696
  0.78440888623684246  0.79382063136374381  0.80301020199866135  0.81213509091049063
  0.82102737415056759  0.82987362497088879  0.83855832094881244  0.84716569952047249
  0.85567410251421194  0.86406773826949079  0.87238371403044890  0.88058252173443941
  0.88867007688686683  0.89664447522431523  0.90447592701339063  0.91223074584468200
  0.91986605918184428  0.92737573978342758  0.93485683202752967  0.94228364374412532
  0.94962530242827947  0.95690172272292828  0.96408412276147115  0.97114960994400712
  0.97815684063055863  0.98471287413120967  0.98891768684324710  1.00000000000000000
 -0.00228436036164766  0.00957734224777134  0.01978000013034064  0.03028964619941434
  0.04086929566077605  0.05151114387780054  0.06216700442774547  0.07264174848155232
  0.08314056320638884  0.09371177503947237  0.10441526482986058  0.11498126409204194
  0.12555053400055663  0.13618812406474787  0.14689413175627269  0.15749505760380664
  0.16820060093708206  0.17874129472900302  0.18923158352430855  0.19959998699680581
  0.21007392799374441  0.22063981702917279  0.23116894264014143  0.24171285517827967
  0.25221848757558990  0.26277044897525104  0.27334257800787853  0.28382275334151941
  0.29426370093155657  0.30477732859587214  0.31534614972100328  0.32579813574013655
  0.33618213218834769  0.34664718284522933  0.35708907019315361  0.36755734780242566
  0.37807961334970375  0.38870518944801968  0.39931725359692966  0.40988775273550626
  0.42048248806431282  0.43108879914711229  0.44166692526144091  0.45217909089845421
  0.46271921531526161  0.47338402214348602  0.48412479062004810  0.49477559121547665
  0.50533288349976413  0.51572186977612522  0.52616984362486718  0.53651829064285284
  0.54698034317337563  0.55739107286925116  0.56782509234231338  0.57834574834360464
  0.58899814226794223  0.59969766794753654  0.61022789452539561  0.62080161273069112
  0.63155424801449322  0.64255488447239362  0.65344918032653354  0.66421675209434761
  0.67486585992248282  0.68536558648474166  0.69574793223536302  0.70602444170407530
  0.71643700693723478  0.72691312157383892  0.73747750421711022  0.74787233026064748
  0.75834032847262212  0.76884874736358222  0.77940794587951179  0.78987856317156691
  0.80047391845669558  0.81103399355195904  0.82158927089220202  0.83199140317394704
  0.84245030122398945  0.85287262491521454  0.86332594162389253  0.87380661882343458
  0.88426317234423846  0.89478857189102212  0.90542338944062906  0.91615367835436567
  0.92673033577152619  0.93727340871062148  0.94774401622842808  0.95806673358845174
  0.96850140012562513  0.97887847469155775  0.98948791983215911  1.00000000000000000
 -0.00131511727901520  0.00749853458996271  0.01592230554487585  0.02510159022801486
  0.03463847543070164  0.04449462519332317  0.05457881366687417  0.06468955719715759
  0.07480778275575511  0.08500563245942008  0.09524978814026620  0.10544153427638431
  0.11563745748610241  0.12591081883243438  0.13625374745955543  0.14661389152821899
  0.15697423805096541  0.16737646301694634  0.17781598233691417  0.18827081476140262
  0.19868859117967794  0.20907926744410024  0.21942050142764336  0.22986882965458255
  0.24038282884429321  0.25089830124952711  0.26133569992667732  0.27170756949499097
  0.28206257542239271  0.29241016360070571  0.30274822108981769  0.31307690991673987
  0.32341793111514172  0.33385869441151017  0.34439275621187004  0.35491507458892119
  0.36535837975994478  0.37578159796825350  0.38623953268189970  0.39674303924007437
  0.40718941468178799  0.41759922025220969  0.42801493964068349  0.43848787424783986
  0.44899704294201492  0.45957036615746905  0.47019008648428795  0.48073570661468340
  0.49115527180304897  0.50160027243059679  0.51216643136952622  0.52279881128500250
  0.53338585032705854  0.54399725239334840  0.55467133921553902  0.56534022459626365
  0.57598445138022014  0.58660052970004939  0.59721646219732449  0.60779475004223915
  0.61837334697354840  0.62894837156017080  0.63953544437030974  0.65012867041693956
  0.66075557347871416  0.67140209858062494  0.68209442547797516  0.69273437989844200
  0.70332677125501453  0.71395715060203313  0.72465000929851697  0.73534610889653285
  0.74600888028722911  0.75669565292009822  0.76748273718317672  0.77836794759828165
  0.78928368741607524  0.80010462906192437  0.81079750301496456  0.82142099454570083
  0.83204798638637112  0.84262801186360969  0.85319196907112171  0.86374267791845716
  0.87434437158991396  0.88507031656043622  0.89599084104129045  0.90705800006378212
  0.91814669670570592  0.92911011845776792  0.94006320203629568  0.95101115257372115
  0.96217334550813494  0.97374388496993258  0.98640687590138676  1.00000000000000000
  0.25008310470936262  0.25845020034474875  0.26610939830016700  0.27360637209896010
  0.28089327299142691  0.28807380694353257  0.29506711838562727  0.30183167870073041
  0.30838168267550203  0.31469432667593483  0.32079553076064582  0.32680626207031860
  0.33270783135262866  0.33846214655160484  0.34411138384904150  0.34968400284132534
  0.35512315113024517  0.36043371068292140  0.36569832752824144  0.37093839322093086
  0.37609134154303275  0.38113430932363651  0.38611957974908384  0.39108317006090404
  0.39603340037313245  0.40093509083305834  0.40577673946212589  0.41056417204395579
  0.41529507924067272  0.41996192755502265  0.42458917909429678  0.42922627773512606
  0.43384953607706472  0.43844079486498561  0.44299091079535957  0.44753940234459327
  0.45213285201322434  0.45669030753757989  0.46121863946888531  0.46568147801333198
  0.47012342225152037  0.47457836333555209  0.47903077258824683  0.48349152976725251
  0.48792408134265025  0.49233456391562874  0.49674357334026698  0.50118146174090916
  0.50560634961592976  0.51004672511878335  0.51445599657464069  0.51890375683820977
  0.52337902779657330  0.52787845501603092  0.53235190848698954  0.53679410555010665
  0.54126993241099508  0.54579934305717126  0.55033636174337819  0.55486109677700302
  0.55937352891770342  0.56394521277026277  0.56856504225341753  0.57320394089914706
  0.57785580783532842  0.58252566745229828  0.58722898941706936  0.59195676390648877
  0.59670386799654629  0.60148229236754236  0.60632368147974203  0.61125135268283171
  0.61623924583360545  0.62126202887782223  0.62633747630027281  0.63148615186943835
  0.63669362217754610  0.64196132426348063  0.64732823440199927  0.65282802093893089
  0.65840241351277107  0.66403209553784281  0.66977457819421093  0.67566301608669521
  0.68166656847310914  0.68786145518192987  0.69428731772848717  0.70084064773830057
  0.70752798869398181  0.71447843075223272  0.72164993742024786  0.72901828870031948
  0.73662499624537803  0.74515920572564986  0.74891139953207619  1.00000000000000000
   2.3103386155848265E-003  -1.0000000000000000     
 F F F F F F F F F F F F F F F F F F F F F F F F F F F F F F F F
  <DiscreteSampler_grid>
  grouped_processes
  1 # 1 for a reference and 2 for a running grid.
  10 # Attribute 'min_bin_probing_points' of the grid.
  1 # Attribute 'grid_mode' of the grid. 1=='default',2=='initialization'
  0.0000000000000000 # Attribute 'small_contrib_threshold' of the grid.
  0.5000000000000000 # Attribute 'damping_power' of the grid.
 # binID   n_entries weight   weight_sqr   abs_weight
    10   10   2.246250462566961E+008   8.930162307741006E+016   2.246250462566961E+008
    11   10   2.246250462566961E+008   8.930162307741006E+016   2.246250462566961E+008
  </DiscreteSampler_grid>
