  0.28468618914087029  0.36511511343376246  0.36820251743954124  0.37289965814812953
  0.38223961988747213  0.38654794938807385  0.39050930514529519  0.39496704329906868
  0.39878222046169542  0.40181560538468558  0.40468381837827677  0.40745395004294727
  0.41016640392746151  0.41287999004271575  0.41561420633422808  0.41861805535167090
  0.42186338003329055  0.42516876902715955  0.42850362029734351  0.43167804894565143
  0.43498774492269815  0.43809093853755532  0.44080458413981632  0.44349494619752572
  0.44615214604162368  0.44882045925759878  0.45147481281190194  0.45406109241851839
  0.45657523069600670  0.45901197332602606  0.46126656545495559  0.46345629574528374
  0.46565632405917340  0.46783246881994855  0.47001328838505202  0.47219309053108643
  0.47437831954687115  0.47657360673835664  0.47873833520696674  0.48085197455074608
  0.48293029399559007  0.48500233262430759  0.48705651915315429  0.48908530122660548
  0.49108246094620306  0.49304412973731654  0.49497345071403925  0.49688011443126756
  0.49877622202702854  0.50066556070612389  0.50255649371795408  0.50445063564226345
  0.50635839224474555  0.50829791368362309  0.51028011302963383  0.51231423184005109
  0.51437607027021715  0.51647352085881604  0.51858199100067870  0.52070118107716090
  0.52287069703029432  0.52505396461230402  0.52724521981612071  0.52946261691779317
  0.53169688296480599  0.53393855654464595  0.53617690248819982  0.53840093663232003
  0.54060820963178546  0.54288067485099956  0.54518137909115616  0.54749058945922635
  0.54979845188961640  0.55215054830488286  0.55460370792390679  0.55713525165986455
  0.55962590799061640  0.56211225637958329  0.56462210760368492  0.56717249474167886
  0.56976183541157510  0.57233659903403877  0.57490970490420323  0.57748162702440153
  0.58021033658122168  0.58320876423764267  0.58642939549217155  0.58980103234005532
  0.59302282125218619  0.59614297187608789  0.59982864576605011  0.63693311780587369
  0.74426824251812884  0.74900140013485139  0.75492353895099951  1.00000000000000000
 -0.00254874994515582  0.01052329702016341  0.02120737273285462  0.03185597568920591
  0.04245179777128701  0.05296662934835118  0.06334465529938713  0.07455568353981461
  0.08561387676935746  0.09645635463251991  0.10737256378277885  0.11843316726197745
  0.12899630114284949  0.13919468668744386  0.14952142616555095  0.16002447787642804
  0.17045415581445544  0.18072372570541914  0.19089586659366825  0.20092794814154480
  0.21114552117397056  0.22165881942996671  0.23209511247991968  0.24260282271873931
  0.25312818618326433  0.26394068053827935  0.27452266113801932  0.28482853484672405
  0.29522723679454910  0.30579182306146718  0.31643416705519400  0.32705051734705520
  0.33749133327813396  0.34798960260593265  0.35849021162333961  0.36899467631843746
  0.37930605224378883  0.38946351649101463  0.39969232166696339  0.41016516680668325
  0.42051939914578462  0.43065771300994327  0.44085684832341787  0.45130403642273770
  0.46187000022683317  0.47257267942201420  0.48333850038688225  0.49403552034668813
  0.50462309426862817  0.51508960263595882  0.52553083486276531  0.53591546238742471
  0.54619013180329323  0.55638266856015384  0.56649056241647333  0.57661704912945366
  0.58674020317916042  0.59704716490447440  0.60590092264143103  0.61504433556620020
  0.62426777159496372  0.63412835032077797  0.64461217578557595  0.65499945133362780
  0.66543934730123200  0.67622681231688242  0.68727887871045712  0.69834554292651274
  0.70951860777387477  0.72065545076367610  0.73151446282893473  0.74187827371831339
  0.75233533876127590  0.76292528037901242  0.77341934171762805  0.78385601451662157
  0.79462050777844895  0.80589737840484499  0.81706509322049348  0.82792485564624718
  0.83878972144930852  0.84974763571501177  0.86031314592664088  0.87058704936416065
  0.88105420592692762  0.89166312013064197  0.90211187347735122  0.91240278677038378
  0.92265225513162197  0.93305093171740539  0.94382801375207337  0.95509984462402975
  0.96610436656075283  0.97714274670240964  0.98852760734646439  1.00000000000000000
  0.88878747342690012  0.88952134341577549  0.89016415842985219  0.89081059933444129
  0.89145630565213740  0.89209872647474986  0.89274730057927454  0.89339234965881709
  0.89403320415481013  0.89467774073936834  0.89532795891467454  0.89592386284130832
  0.89713499053580836  0.89820543792978791  0.89927739219141745  0.90035007562280400
  0.90142499349962890  0.90251383960706999  0.90362004539501006  0.90472664098586031
  0.90582280461892217  0.90690392321471824  0.90798727821978331  0.90908800368013587
  0.91020012477577095  0.91130636432438950  0.91240178746335365  0.91348866970430287
  0.91457019696719177  0.91565477601725420  0.91673866788749647  0.91784010549595740
  0.91894562221461640  0.92005095932942260  0.92115795548337420  0.92226878547850388
  0.92338830586730114  0.92451822044106580  0.92565607620551726  0.92679641066746188
  0.92792457602976675  0.92906831817874702  0.93021073582558755  0.93136109553894830
  0.93250349606886385  0.93363569707600369  0.93476628050105715  0.93590185879297116
  0.93705163527077118  0.93822168590381683  0.93940323413690219  0.94058790691331018
  0.94177738507701203  0.94296919468185014  0.94415873584657861  0.94534882385178065
  0.94654298445953289  0.94774629945451383  0.94895584470047667  0.95016605455455472
  0.95138403053995668  0.95260025008119509  0.95382162990922270  0.95504767100613386
  0.95627838938301413  0.95751499535492934  0.95876283698434361  0.96003288652369279
  0.96131146694336944  0.96260166655899548  0.96391160824628386  0.96522395913719261
  0.96654047223384254  0.96785644163247386  0.96919427828324700  0.97053787290512028
  0.97189627211560259  0.97325577445258971  0.97462466341190934  0.97600342572900645
  0.97739553416727454  0.97878886737643134  0.98023798753601465  0.98169567848556716
  0.98317346901661340  0.98465644924194462  0.98615707585841694  0.98766673340894751
  0.98919779265980234  0.99073876419333518  0.99229387645786937  0.99385465863756162
  0.99543143709225390  0.99701258058044750  0.99852363100389174  1.00000000000000000
  0.30702019458769925  0.30980749181938683  0.31272216500261202  0.31701594407186251
  0.32178720064708338  0.32640870712801384  0.33095745868348408  0.33553375540793645
  0.34012902260752442  0.34471569400947333  0.34926603031113745  0.35375989891077625
  0.35819686619432084  0.36257671002242897  0.36693355971857083  0.37126792046683504
  0.37557414371631531  0.37985055157476605  0.38411679723552122  0.38836267743494191
  0.39256803447658117  0.39669674776566266  0.40073908715824702  0.40478008935516840
  0.40882243322354561  0.41285341142857301  0.41684117588789571  0.42080783432325830
  0.42478691177686373  0.42877436037514688  0.43275619613547822  0.43672419930086243
  0.44069453260661401  0.44466911084462174  0.44861370385733562  0.45250905931201763
  0.45638137608418511  0.46027182646485548  0.46421219338169506  0.46819491198787444
  0.47219157839797921  0.47619435373800689  0.48016385236647152  0.48415738659172314
  0.48816122402621909  0.49219934134944826  0.49621082182373422  0.50019157792627245
  0.50410888674304821  0.50802619696369866  0.51195268806246497  0.51589865272895763
  0.51985625310114270  0.52381910834024381  0.52775916336167872  0.53167345513645758
  0.53554805629963464  0.53942684539638353  0.54332950721841966  0.54726597352999407
  0.55122575740935231  0.55519593726541405  0.55916200386467652  0.56316736307360693
  0.56721497836625945  0.57127340829627482  0.57533091546617421  0.57939990389314355
  0.58350667835306225  0.58766600355117837  0.59184574596006501  0.59602694505110554
  0.60023971942207965  0.60446597580944206  0.60868602215958034  0.61290077358114059
  0.61713702939643555  0.62141398504287382  0.62571206015120207  0.63005495165261471
  0.63432923318838286  0.63823540405513468  0.64200483207067038  0.64581594260650688
  0.64989475424931364  0.65441151771189399  0.65902290432153188  0.66364352705922902
  0.66834294860009802  0.67313569493289716  0.67797635609008478  0.68292204972614845
  0.68731608575033298  0.69043246541297065  0.69271321433929967  1.00000000000000000
   3.8986756175445230E-009  -1.0000000000000000     
 F F F F F F F F F F F F F F F F F F F F F F F F F F F F F F F F
  <DiscreteSampler_grid>
  grouped_processes
  1 # 1 for a reference and 2 for a running grid.
  10 # Attribute 'min_bin_probing_points' of the grid.
  1 # Attribute 'grid_mode' of the grid. 1=='default',2=='initialization'
  0.0000000000000000 # Attribute 'small_contrib_threshold' of the grid.
  0.5000000000000000 # Attribute 'damping_power' of the grid.
 # binID   n_entries weight   weight_sqr   abs_weight
    10   10   9.594882177960388E+004   2.607557511999189E+010   9.594882177960388E+004
    11   10   9.594882177960388E+004   2.607557511999189E+010   9.594882177960388E+004
  </DiscreteSampler_grid>
