  0.01505448305280180  0.02796777481608687  0.03638308031147697  0.04507292401397866
  0.05390361627357647  0.06285864890612780  0.07203293635837535  0.08131460531577578
  0.09080037751948404  0.10030489748171398  0.10982805843666070  0.11939667604340215
  0.12916690923202603  0.13913600916447869  0.14924406763244072  0.15942445319351853
  0.16970327474314939  0.17999966384072649  0.19051005700459794  0.20121140736425311
  0.21215668145912381  0.22325969232232121  0.23457288762915401  0.24590731987213996
  0.25734703296389616  0.26892629691768877  0.28074938441295738  0.29269671045000556
  0.30481964503657766  0.31699833922244547  0.32921743614014920  0.34161475225084492
  0.35423873918797039  0.36692162497488862  0.37960114060198752  0.39238491393732439
  0.40525398265318735  0.41819419807826419  0.43117576735499702  0.44405836487545353
  0.45692535297002529  0.46978739463850011  0.48276877309734212  0.49583804321929370
  0.50887788279952528  0.52180829881559687  0.53458923970314132  0.54723059019804310
  0.55977427045452177  0.57226090932599505  0.58464708677827271  0.59690673055299526
  0.60896508913486413  0.62083764538442732  0.63250287017443052  0.64404126823684338
  0.65548879449952246  0.66676505925118890  0.67790348708040216  0.68891424104286725
  0.69979981549924408  0.71052221322452103  0.72099568687867022  0.73139370402922232
  0.74163927604296909  0.75181366068333288  0.76181485478557576  0.77170652645836180
  0.78149126208523878  0.79121372440672100  0.80083304723161330  0.81034416707352208
  0.81956793041801368  0.82854200904797770  0.83741341821500814  0.84617840793269672
  0.85492577847285622  0.86355710544357289  0.87207416331991849  0.88044380083095386
  0.88869770957100658  0.89691174406496588  0.90511285821654253  0.91318677318668029
  0.92107167059921446  0.92878328629124407  0.93639892493502497  0.94382254857381220
  0.95109065494525846  0.95830471764702796  0.96552216281999381  0.97273470453300526
  0.97962341995314894  0.98552309045416153  0.98969476251096289  1.00000000000000000
 -0.00208450035121322  0.00927278675155438  0.01922857279703080  0.02945687660614923
  0.03972293115405610  0.04998921840452696  0.06043009248416555  0.07091150388972045
  0.08141319964385560  0.09203534940541437  0.10264744236292529  0.11313801983219902
  0.12365516934690261  0.13415985644180420  0.14474319789916504  0.15546936207871442
  0.16619861624863658  0.17688725728806570  0.18761432602449754  0.19828580002842167
  0.20897624234482645  0.21947340908534957  0.23008774217376574  0.24075258526807242
  0.25129838958608258  0.26173251400818004  0.27209270930797952  0.28246795555508358
  0.29275879511598885  0.30314074720738649  0.31357188823993237  0.32397200811914861
  0.33427914762376021  0.34449534841884233  0.35466499568879023  0.36506796605420266
  0.37553683617766703  0.38625650682484547  0.39691675472835353  0.40762564590586059
  0.41822936277296868  0.42874668453219428  0.43930399738737574  0.44990511429718238
  0.46054317249170301  0.47109571456452981  0.48169250076192754  0.49229770632897957
  0.50287017990482141  0.51344044091200136  0.52394210466928770  0.53448261731957569
  0.54497831063598745  0.55550419294830811  0.56608948304412965  0.57658753417172193
  0.58711506534153746  0.59759632130087303  0.60818018155107390  0.61862543679514292
  0.62901357703369076  0.63938753859249575  0.64988578664694530  0.66046680755713538
  0.67102535231547722  0.68146377716368201  0.69198360793040925  0.70258620243912195
  0.71314065456942033  0.72374470184312356  0.73436254499286857  0.74503813700596988
  0.75558261341622035  0.76609156574348669  0.77664347739489070  0.78720452889074144
  0.79768419927199441  0.80816888761062067  0.81864525340714334  0.82912488130550521
  0.83954474232448517  0.84999522203612321  0.86060790144990296  0.87128328915386899
  0.88201945147632144  0.89272351632928859  0.90346420530499694  0.91418819952030050
  0.92493397003686406  0.93561811704380649  0.94624049326015636  0.95692204428122862
  0.96765464298657289  0.97846909736878473  0.98917662271203943  1.00000000000000000
 -0.00134621927802476  0.00762964745932611  0.01635420972523832  0.02567159863891309
  0.03538049192385873  0.04514220093450769  0.05511504425687835  0.06505004836466007
  0.07501386567809612  0.08503369384118753  0.09518982957861198  0.10542127558475678
  0.11582733149855233  0.12630982812218353  0.13683254843028794  0.14738632611887315
  0.15792806706370527  0.16843917154467641  0.17895941429659679  0.18949047767923974
  0.20000697800778439  0.21056061138803292  0.22110767040844539  0.23161542225079323
  0.24206638466445840  0.25248325435390845  0.26292833992899683  0.27338181723225818
  0.28379134188211519  0.29417666156305400  0.30453831705059703  0.31494564188404739
  0.32538835415001399  0.33585247558353115  0.34629499897821120  0.35669938915563421
  0.36705863079753953  0.37745402290723168  0.38788847418575662  0.39840352186919847
  0.40897534982911837  0.41956477975740369  0.43014912262404470  0.44070049049929111
  0.45124456576248362  0.46184757995464631  0.47249965311806763  0.48314395130147386
  0.49375507977072319  0.50436649723986582  0.51495931143259277  0.52546560932910291
  0.53592657610539851  0.54642409181072726  0.55701012413087492  0.56760276584837333
  0.57815547541820855  0.58862417590731198  0.59906423855721824  0.60956189859268461
  0.62012623311672510  0.63070076831124644  0.64129471315323783  0.65182921637737312
  0.66229438372874716  0.67272731461654578  0.68318585755838979  0.69377769594292193
  0.70443953289806138  0.71516523281325362  0.72591518247963205  0.73661894961550667
  0.74724162250828974  0.75781596954692432  0.76832002272395783  0.77877396957275313
  0.78923199867038329  0.79973814110999009  0.81025206544622597  0.82073403192020822
  0.83128080763384415  0.84198138174762671  0.85281636925951854  0.86366502129468981
  0.87454137154574463  0.88532076427077133  0.89604279121990760  0.90678536393584930
  0.91762155337566642  0.92860012467599173  0.93981339422972876  0.95121324637118509
  0.96284816148336960  0.97425086846646736  0.98662854924946186  1.00000000000000000
  0.25656507872885759  0.26355773520657827  0.26985648014482527  0.27692199308399645
  0.28426141656219989  0.29132456157402775  0.29815637022711677  0.30485140917185932
  0.31141933327957710  0.31773305254157458  0.32385431306928675  0.32990890270359535
  0.33577710671477456  0.34145945204930495  0.34703423022326257  0.35255292319881770
  0.35793789072349586  0.36322268539084945  0.36849974049393258  0.37373466779959397
  0.37884452300900306  0.38381544258499262  0.38871622456578042  0.39358723356101416
  0.39839341271915707  0.40316570931856716  0.40795103894446050  0.41272146928401987
  0.41741212351031337  0.42201512339256281  0.42659154872085420  0.43114781996030138
  0.43567167207206825  0.44016035715815593  0.44462132213148969  0.44907350786873573
  0.45351867844165045  0.45794694759105853  0.46237112379387413  0.46678232351092508
  0.47121238394704723  0.47565387391947284  0.48009503041750518  0.48451887724601495
  0.48893165066685401  0.49331629832895235  0.49773089386422448  0.50210876377250246
  0.50650329936262894  0.51090260738202375  0.51534616030353908  0.51983681490587719
  0.52432423877440937  0.52882409467530045  0.53330362211042814  0.53778469543618068
  0.54222811959273343  0.54661864460248133  0.55101791039967685  0.55543670955353142
  0.55991410010038389  0.56439084028461395  0.56886569770569506  0.57338234226093399
  0.57793552000032833  0.58254472978053529  0.58720050105317012  0.59188649507160629
  0.59659942242747865  0.60136047556925043  0.60619024409760702  0.61105782297817468
  0.61593659944766233  0.62084817790805247  0.62584658987606989  0.63094082913338168
  0.63608243006741194  0.64129573254961370  0.64665684101999521  0.65216129769752740
  0.65775936093912424  0.66344730419714382  0.66927318952440129  0.67521361094329146
  0.68120299362245174  0.68732770737858329  0.69371102269619600  0.70029793084984726
  0.70709824030206148  0.71419598137383100  0.72148515460749996  0.72895023411909432
  0.73669263437106969  0.74536762794617883  0.74897464218940224  1.00000000000000000
   1.3524569701093348E-003  -1.0000000000000000     
 F F F F F F F F F F F F F F F F F F F F F F F F F F F F F F F F
  <DiscreteSampler_grid>
  grouped_processes
  1 # 1 for a reference and 2 for a running grid.
  10 # Attribute 'min_bin_probing_points' of the grid.
  1 # Attribute 'grid_mode' of the grid. 1=='default',2=='initialization'
  0.0000000000000000 # Attribute 'small_contrib_threshold' of the grid.
  0.5000000000000000 # Attribute 'damping_power' of the grid.
 # binID   n_entries weight   weight_sqr   abs_weight
    10   10   1.233838210883530E+008   2.416160080355312E+016   1.233838210883530E+008
    11   10   1.233838210883530E+008   2.416160080355312E+016   1.233838210883530E+008
  </DiscreteSampler_grid>
