  0.01590322057408040  0.02968949647351860  0.03899055537352215  0.04679372057857938
  0.05431994904961915  0.06126381456644308  0.06811783890124724  0.07511041584506477
  0.08218767521912902  0.08924592350814665  0.09629264938524994  0.10341977686709108
  0.11075937799175552  0.11808960605132203  0.12532340457376115  0.13254172883348384
  0.13976390060556421  0.14710724223258176  0.15465195051832775  0.16232913717823080
  0.17019051896849816  0.17825346784714499  0.18641096526001188  0.19466493086950068
  0.20301138143334174  0.21131527706308564  0.21965589705191044  0.22806296010544799
  0.23660139008601602  0.24525156028761586  0.25398251041506337  0.26275336433833096
  0.27159754047866280  0.28052885634247138  0.28958401709564041  0.29878871473198637
  0.30808400412404890  0.31738853212578533  0.32674037372522541  0.33622770619731968
  0.34593536240541267  0.35573190280021844  0.36558798457973568  0.37548145626685236
  0.38549363795815256  0.39560833942955537  0.40583390091722538  0.41617817712501554
  0.42669365481716948  0.43731371396289337  0.44804169825652918  0.45885849171064191
  0.46981011058772965  0.48079594887417754  0.49184354969771837  0.50304308270753539
  0.51437804432876488  0.52581360821018663  0.53732247475486739  0.54891640374559070
  0.56056497852398490  0.57224092447313990  0.58398552942163695  0.59579816903274874
  0.60774160671340272  0.61975720407478974  0.63187639765705816  0.64398757636652459
  0.65608237940844394  0.66840361716795971  0.68085245729901267  0.69315722788007805
  0.70528676075430607  0.71760173926385318  0.73014913798907011  0.74289358852716025
  0.75566783344691091  0.76834367471090281  0.78096092730049116  0.79361759665488085
  0.80643012928745927  0.81904540149652927  0.83187003497177459  0.84485939053648107
  0.85772872092243535  0.87042883220242118  0.88356998093584771  0.89738371780975501
  0.91174609899505887  0.92679555527870494  0.94222409202777524  0.95673703098500285
  0.96540526324450016  0.97218516912070940  0.98219881134564835  1.00000000000000000
 -0.00214456428764942  0.00938579135486729  0.01925976564597732  0.02934017530073967
  0.03953220791529289  0.04990880033224043  0.06023912164934422  0.07034781856150009
  0.08065609809282898  0.09106879350113607  0.10151229109003036  0.11173268023488064
  0.12204684472796357  0.13242702278322824  0.14293682894353471  0.15348842270512161
  0.16416462694160666  0.17484786655779749  0.18547256384007774  0.19609144509252863
  0.20691044034114159  0.21769948695587515  0.22858063657355379  0.23913818125086422
  0.24975677513854092  0.26030549781031737  0.27085865616955718  0.28159468529783382
  0.29227880119972971  0.30292930301097254  0.31344247613433368  0.32428428153013128
  0.33520521277385240  0.34589582135726676  0.35655655727370461  0.36720830100144586
  0.37789171648767361  0.38807648272365908  0.39809594332616838  0.40824645929521131
  0.41861575689819597  0.42918755558021171  0.43982434428448774  0.45042739419576755
  0.46106609397142978  0.47158395399020259  0.48219037684112753  0.49289864684638485
  0.50358909879941027  0.51414717063169901  0.52462777907106894  0.53513294340082584
  0.54566062052522912  0.55621413183775914  0.56668310324630444  0.57711463613671399
  0.58747970614201606  0.59773353183771982  0.60790476346967848  0.61807903678583032
  0.62843429154914032  0.63886710388812440  0.64928198609657850  0.65974384387219942
  0.67022703054974864  0.68072448880918124  0.69118598052618307  0.70178672133873210
  0.71254635803989608  0.72324455366118789  0.73381811177393041  0.74434774464822673
  0.75493767629875230  0.76557377277325944  0.77611589936911141  0.78675029962393783
  0.79733682253210458  0.80798240743667238  0.81853974371089511  0.82932811688646535
  0.84013141058179464  0.85103037257305414  0.86164885239887390  0.87224451677883763
  0.88265054561953138  0.89300996802722443  0.90347213213181354  0.91418052698747787
  0.92512015646452439  0.93586307256464374  0.94661672571168587  0.95718564738529677
  0.96774559652017034  0.97835635500499651  0.98916311618946284  1.00000000000000000
  0.00400010748932065  0.01255915495854719  0.02100660254396319  0.03058776600555339
  0.04004950307707697  0.04946835565969502  0.05890295419781662  0.06841901808638620
  0.07797857194334572  0.08751983253263586  0.09704209262667236  0.10650164628654991
  0.11596321918633601  0.12542534786569939  0.13492827009789904  0.14444064190827438
  0.15394393867427933  0.16343877012356212  0.17294315902620719  0.18245175831228114
  0.19197641982571359  0.20151310535711320  0.21105536713922288  0.22057807926158982
  0.23007885071849485  0.23958030043842093  0.24909452913630256  0.25862999201185971
  0.26819661936996142  0.27779010805556736  0.28741186781852479  0.29705850647701554
  0.30673317261407279  0.31639524969181010  0.32599287120415693  0.33559851603945628
  0.34522490624801266  0.35480299304197865  0.36435336309755900  0.37391893692580574
  0.38354096438361546  0.39317414324089950  0.40278907787300039  0.41239901060628920
  0.42203756851518659  0.43168185951442023  0.44133214478541066  0.45102790786419472
  0.46078120288862701  0.47058702900602489  0.48040472387466415  0.49023430104875532
  0.50005178679795348  0.50985242088600491  0.51970571716074021  0.52959674443377980
  0.53948869535029409  0.54934073035041153  0.55918905131381647  0.56916146176649685
  0.57916151142718764  0.58925889257469033  0.59938017464121551  0.60959098933927069
  0.61992364102552100  0.63025298765673310  0.64058192984457984  0.65091333785893646
  0.66122610953338612  0.67156957349447455  0.68187686639509104  0.69241509679271329
  0.70321047789449020  0.71414773357531158  0.72518836468681358  0.73618448590048291
  0.74712302755477922  0.75798401767965085  0.76886837749698678  0.77985015895507925
  0.79100764234685661  0.80234137974712605  0.81380323066136318  0.82529779716027296
  0.83695361841664018  0.84888638847284514  0.86123848971619477  0.87399591996100545
  0.88723394177697612  0.90095995639148574  0.91497701985618207  0.92918473619510711
  0.94391521327776262  0.95982754179656671  0.97854985296338148  1.00000000000000000
  0.22166979106568702  0.27539234731945944  0.28963361260281523  0.29790744616447040
  0.30565912604364454  0.31287875549846744  0.31923482442414186  0.32542426280011666
  0.33142091748054597  0.33722362236357534  0.34283480077304113  0.34842018940504521
  0.35391885586109822  0.35933708559103261  0.36475380073794461  0.37012646903581720
  0.37543964729026491  0.38065052271956729  0.38579556810114440  0.39095501035615282
  0.39606012125147699  0.40112531268467905  0.40610864147272985  0.41110825411473051
  0.41617467445456618  0.42127094363389400  0.42631977092753920  0.43127352250568657
  0.43616882587009076  0.44106830165096089  0.44597836456416173  0.45088866049670639
  0.45576605131104969  0.46063662257702803  0.46549525517584656  0.47034516205837484
  0.47513880808055881  0.47987494977488415  0.48461020680056516  0.48936906488765652
  0.49415557314571146  0.49891640217117184  0.50358447232604775  0.50821534220968134
  0.51283867541418549  0.51747020779283670  0.52212566036054753  0.52679747652777398
  0.53150055371806615  0.53619280344520504  0.54083779949940847  0.54543109926683908
  0.55000039087680541  0.55455010430210083  0.55909518437787864  0.56360824487244632
  0.56806787027918204  0.57252374578127885  0.57701114363817718  0.58150304689393795
  0.58597328769790824  0.59041561562384670  0.59485616154428511  0.59931194368387675
  0.60376484676619224  0.60822366659448568  0.61268232891040408  0.61717770557648732
  0.62162265233065717  0.62603066699784882  0.63042080676492629  0.63477736646561611
  0.63914475734842591  0.64349849981459062  0.64795885035442558  0.65246678664477276
  0.65698384580485092  0.66146530558240513  0.66591926279679170  0.67038524389412424
  0.67489836978876150  0.67948274588427993  0.68408568819166149  0.68874256769229358
  0.69354712746545366  0.69832872998881690  0.70312891529461863  0.70802318221197391
  0.71326610829265280  0.71880677021265016  0.72464712093331851  0.73166571278395631
  0.74093570950154763  0.75351395663737963  0.77926176135633707  1.00000000000000000
   7.9345386410113283E-004  -1.0000000000000000     
 F F F F F F F F F F F F F F F F F F F F F F F F F F F F F F F F
  <DiscreteSampler_grid>
  grouped_processes
  1 # 1 for a reference and 2 for a running grid.
  10 # Attribute 'min_bin_probing_points' of the grid.
  1 # Attribute 'grid_mode' of the grid. 1=='default',2=='initialization'
  0.0000000000000000 # Attribute 'small_contrib_threshold' of the grid.
  0.5000000000000000 # Attribute 'damping_power' of the grid.
 # binID   n_entries weight   weight_sqr   abs_weight
    10   10   1.795413150537652E+005   4.279927306426495E+010   1.795413150537652E+005
    11   10   1.795413150537652E+005   4.279927306426500E+010   1.795413150537652E+005
  </DiscreteSampler_grid>
