  0.03620863075542683  0.04220589105926735  0.04886250463351697  0.05613388082692963
  0.06337230046567495  0.07077972976977243  0.07832736781798957  0.08555590324930724
  0.09257332429572179  0.09956896325932854  0.10647985833471248  0.11340083570974244
  0.12042147362757866  0.12764358531925185  0.13499240914148952  0.14252885543756255
  0.14994836267248193  0.15739216079284465  0.16486367399130858  0.17234913200544189
  0.17984517240628675  0.18735594781664325  0.19495955698263601  0.20269028957939866
  0.21051292872426239  0.21840305208444757  0.22634275801166731  0.23433437083811851
  0.24239639870779253  0.25055322878920222  0.25889942837287361  0.26732727362824354
  0.27585249284948221  0.28442138404975514  0.29313976699366912  0.30203978774360285
  0.31106514792885920  0.32016905528793982  0.32933587741173881  0.33862508565874311
  0.34801734707471810  0.35752297005271172  0.36715735416243717  0.37685751685604441
  0.38657933450054194  0.39635464508680496  0.40624047204660718  0.41624279542045090
  0.42642508600043999  0.43670812109310064  0.44717273510271055  0.45767172809865664
  0.46829200570117835  0.47899660636631503  0.48981198999070452  0.50070077675214997
  0.51172187116244439  0.52287619333596902  0.53409351348342216  0.54537814511885763
  0.55675642458339736  0.56813574841401870  0.57940548803148550  0.59063027614036412
  0.60194262700243273  0.61337264558278726  0.62493907604075882  0.63667175797890907
  0.64851500715519850  0.66035230867189043  0.67201162337810516  0.68362542046517882
  0.69534804818877549  0.70727683973674049  0.71928088581945748  0.73111511796417550
  0.74281979494355421  0.75432415425115962  0.76602533877478718  0.77764730495636547
  0.78910316938305680  0.80061765971547083  0.81230951521397510  0.82438417571890255
  0.83685027296928405  0.84990956744425472  0.86316469152754738  0.87656466323984072
  0.89007880338656997  0.90381794092012746  0.91786136800397589  0.93252665193360129
  0.94702083840640339  0.96051187912280123  0.96808041066431194  1.00000000000000000
 -0.00234228008159940  0.00997796754534629  0.02026611831716683  0.03088206945384343
  0.04134501688860461  0.05167589176448147  0.06208129529299841  0.07244676006918260
  0.08277886256291267  0.09301342391904170  0.10326781406296294  0.11366151687892632
  0.12415726782225416  0.13485769780185206  0.14548823123755114  0.15619890868791225
  0.16676781068756236  0.17719498643502535  0.18771315826498386  0.19832438129543167
  0.20895596834064109  0.21937236803615717  0.22972123369354649  0.24020596473936467
  0.25061252524567240  0.26100275458934108  0.27132654441295895  0.28192459246966828
  0.29265865161674770  0.30314082875594556  0.31375619505041191  0.32434308051322824
  0.33518652994196829  0.34598791200977530  0.35656228564334891  0.36719550070839535
  0.37767238367267969  0.38810439833831917  0.39864850492879111  0.40919950567002028
  0.41979434211495614  0.43036094490050253  0.44090208060872416  0.45153464341920330
  0.46209620359576298  0.47244588898556206  0.48285814274074124  0.49325387532191056
  0.50374298160327102  0.51424171810338903  0.52485330718655909  0.53545343519773758
  0.54591638465772463  0.55633473280657952  0.56679112596601133  0.57737440806793694
  0.58795467959431680  0.59848831101314537  0.60916928701943263  0.61987322143641943
  0.63054674225104212  0.64110372198142962  0.65155128869186973  0.66213691140829500
  0.67277036659505784  0.68352687496735720  0.69422943642933621  0.70500116766667886
  0.71573037340871293  0.72645433045228136  0.73711240402766842  0.74780013107540966
  0.75844666272904782  0.76906071667191933  0.77968210277909122  0.79026232714269495
  0.80062397894264914  0.81120068688959035  0.82179578225699002  0.83258920292070149
  0.84311730632456228  0.85368869589699625  0.86428404311054574  0.87483801342960232
  0.88525129095364352  0.89570736528854000  0.90606399973025642  0.91649016608036238
  0.92680859693042406  0.93727877503036583  0.94772588038442229  0.95814744979648458
  0.96876461494004618  0.97927480451192273  0.98969749631492498  1.00000000000000000
  0.01520748810509743  0.02035130183329051  0.02786738071132552  0.03760468022351718
  0.04683428035818706  0.05601226706855448  0.06520500271977756  0.07440383216345019
  0.08356454091881890  0.09266441470923435  0.10175151849999176  0.11087397223464708
  0.12004982056517519  0.12923743744645283  0.13842106436447335  0.14759065338817595
  0.15676714818403320  0.16594545711167846  0.17514570943567315  0.18432866157140310
  0.19349156739574738  0.20266275019179303  0.21182262949459793  0.22098011075553692
  0.23016228742071693  0.23938593951164050  0.24865180311891955  0.25793889650609164
  0.26723405042988890  0.27652529660680636  0.28580433387296844  0.29508967265296349
  0.30438477160313676  0.31370445083867776  0.32303337628858692  0.33236945457670436
  0.34170936592016588  0.35105659813552920  0.36039623442862151  0.36977333730991385
  0.37914846295792626  0.38858250261405131  0.39801516408191995  0.40739367143774985
  0.41681629836479805  0.42625235148363111  0.43576268967823700  0.44518840309706637
  0.45464566163511055  0.46416082167417461  0.47375028046125972  0.48329497318746401
  0.49277406428316189  0.50235183005642070  0.51199168489440783  0.52169640143745299
  0.53140704769297775  0.54117865432336243  0.55101386573813960  0.56091309947157031
  0.57086669374879517  0.58091079166736126  0.59101401496575423  0.60114631625374426
  0.61126158678951359  0.62135319199844807  0.63138305491484714  0.64137903778842009
  0.65138183208151401  0.66148316972513055  0.67174086465747074  0.68215067945362640
  0.69263010480378551  0.70318422147189019  0.71389708020258180  0.72465398852044283
  0.73537706713213069  0.74611367029328057  0.75710650250082157  0.76840072426162787
  0.77991711722132573  0.79157886828661372  0.80337583497279386  0.81530448673311828
  0.82743929516614811  0.83980148862216186  0.85232209291543926  0.86512335693570830
  0.87823745171000311  0.89165973738911519  0.90539074781249329  0.91978097670202064
  0.93528342254829411  0.95245661383654845  0.97333613844799949  1.00000000000000000
  0.12797159444251485  0.28193750856504957  0.29125314008784758  0.29844139977121037
  0.30486328268506591  0.31116052992728027  0.31702270677787764  0.32265215713275025
  0.32809823081467743  0.33341852542872369  0.33857238713211207  0.34364950847699871
  0.34868718459726705  0.35364401387525884  0.35850585281074054  0.36327258461653228
  0.36799502129938488  0.37273380346290969  0.37735864740076647  0.38189108378815001
  0.38639420739950703  0.39088121892304367  0.39536057889123793  0.39977705955579612
  0.40412081885319573  0.40841824109960007  0.41268849614021685  0.41694261656506598
  0.42118328524258120  0.42541027496658129  0.42962186992421042  0.43381237850425447
  0.43799116066065275  0.44217786025732453  0.44638545038334931  0.45061779292272036
  0.45483953946662409  0.45902812298766449  0.46320007678187153  0.46734880217711383
  0.47151611774416174  0.47569636837647394  0.47988982583723028  0.48403711355024931
  0.48817781180106007  0.49228716160140085  0.49647318478498265  0.50068959535017199
  0.50490606293130202  0.50909463170212044  0.51322465650559013  0.51736456569813927
  0.52150762109177529  0.52566380759577058  0.52984053061848291  0.53403250109566580
  0.53823795988319090  0.54245203034424350  0.54664778512352807  0.55084736412348567
  0.55508018851147145  0.55934643577752163  0.56364385606033929  0.56794380869428818
  0.57223286671443296  0.57654248029639088  0.58088798456214041  0.58526497376946240
  0.58963275677805849  0.59398814260958577  0.59833379498755723  0.60264850484688592
  0.60699262596575077  0.61136684541717834  0.61581434384165668  0.62033335081598295
  0.62495004827760670  0.62955667008236493  0.63419694574873753  0.63879260440602903
  0.64338615243857422  0.64811364969505270  0.65298918098490899  0.65797430047714256
  0.66303659807283366  0.66818003021610450  0.67350927207588573  0.67892484472187631
  0.68439769531744532  0.69033477056559256  0.69686641468045418  0.70363847739822627
  0.71101490778052556  0.71975755712066836  0.93906672900290888  1.00000000000000000
   3.2839493898973306E-004  -1.0000000000000000     
 F F F F F F F F F F F F F F F F F F F F F F F F F F F F F F F F
  <DiscreteSampler_grid>
  grouped_processes
  1 # 1 for a reference and 2 for a running grid.
  10 # Attribute 'min_bin_probing_points' of the grid.
  1 # Attribute 'grid_mode' of the grid. 1=='default',2=='initialization'
  0.0000000000000000 # Attribute 'small_contrib_threshold' of the grid.
  0.5000000000000000 # Attribute 'damping_power' of the grid.
 # binID   n_entries weight   weight_sqr   abs_weight
    10   10   1.769156868503928E+005   3.353179090458095E+010   1.769156868503928E+005
    11   10   1.769156868503928E+005   3.353179090458095E+010   1.769156868503928E+005
  </DiscreteSampler_grid>
