  0.00198414466266279  0.04930471083071138  0.08435854077684889  0.11236145531742443
  0.13508947422449957  0.15600604808593629  0.17486273124979784  0.19171822116438661
  0.20779981391703109  0.22448228500165540  0.24140131621648372  0.25794835611684985
  0.27371145133751923  0.28827068305006787  0.30145255886754413  0.31447215843233239
  0.32745723152944067  0.33976259088715399  0.35057741344622700  0.36068722140156123
  0.36977684396056604  0.37856668858970471  0.38638559186553240  0.39434931108058130
  0.40224066794772834  0.41024079146577536  0.41794602925516877  0.42531053699511312
  0.43226336592098896  0.43895543445947904  0.44562107383107319  0.45244714825435428
  0.45944181724780114  0.46635402929263692  0.47293468603711841  0.47938228853037851
  0.48587901249882104  0.49271309435321481  0.49965160460789959  0.50698658827619858
  0.51411311362301637  0.52098146218375707  0.52740985037441812  0.53361943226249564
  0.53957896518424109  0.54540308716122576  0.55134790247425880  0.55762478134237103
  0.56430988366844570  0.57102782158416199  0.57737867429659007  0.58358571884747146
  0.58956462854017055  0.59533305778817536  0.60100083446253227  0.60699338349724108
  0.61322186242985854  0.61959289048946997  0.62604139363971278  0.63246682038507906
  0.63884112497264511  0.64543038252755658  0.65245977625375029  0.66005531005357154
  0.66792889935708377  0.67622046192663732  0.68473220529055412  0.69331134116684168
  0.70169501619427732  0.70995442127656694  0.71837804526134785  0.72710240314419028
  0.73588562343741393  0.74471593932548041  0.75327200449613496  0.76170967406338352
  0.77024429566563168  0.77895769374482948  0.78750848577543298  0.79593340687728997
  0.80446133674557141  0.81300732324844083  0.82167949215189240  0.83049163831588602
  0.83964020212370027  0.84885903299885035  0.85772363742762536  0.86635942209517547
  0.87535350445461890  0.88568008326707526  0.89788595640040347  0.91082172393070759
  0.92435088501995799  0.94007026639994207  0.96060179478924068  1.00000000000000000
 -0.00208558215969691  0.00894538220609394  0.01889185834033272  0.02967579145062149
  0.04103917285503238  0.05268905310935696  0.06353103782219027  0.07339883010016139
  0.08301275318338266  0.09306273513504408  0.10293495330644675  0.11185256569630074
  0.12071281076502478  0.12997287535416524  0.13984188633160205  0.15027332179656527
  0.16053642380905420  0.17119011341093865  0.18165409481084394  0.19165104808827599
  0.20199949997924807  0.21217147193866717  0.22323081959843435  0.23455528865039135
  0.24603784969114725  0.25662010544549529  0.26687883841315768  0.27780246801534514
  0.28968328937780197  0.30096004859945213  0.31143403828391203  0.32162723243140051
  0.33200398736313574  0.34250430177335150  0.35266446737384227  0.36290558416354290
  0.37340999825151328  0.38380679036133830  0.39382811961269087  0.40375992892194051
  0.41394836781257655  0.42435675113335497  0.43464178922232460  0.44521695847211962
  0.45616124435533673  0.46721847939074784  0.47772175841204811  0.48781579269715009
  0.49824379617458558  0.50927396953622273  0.52019509979559175  0.53091510654857055
  0.54207244677498245  0.55421265930786701  0.56633859391109920  0.57824401007990378
  0.58882263945157531  0.59855322685957857  0.60819956629718208  0.61825690746574335
  0.62849279236262390  0.63831122187590594  0.64789841716462071  0.65759500742493437
  0.66773755490453879  0.67843267287436260  0.68973170964319530  0.70177382965674762
  0.71337351160411533  0.72502196698589638  0.73665375396462873  0.74840977016569865
  0.76042658849305589  0.77177618601853948  0.78302115384552640  0.79374813252737075
  0.80446183622569711  0.81475819433079155  0.82478654993398004  0.83449422186718136
  0.84424652192234972  0.85389425892689264  0.86374726427686799  0.87308477687446728
  0.88209492967483916  0.89103122301903492  0.90049318238759546  0.91032280127181153
  0.92053144691662991  0.93103155927383230  0.94189950820202784  0.95340355245567954
  0.96558557741574969  0.97754139426699727  0.98902289775630770  1.00000000000000000
 -0.00227684832927694  0.01018353279433599  0.02106408912782174  0.03249867465359519
  0.04391423037254444  0.05460231002898289  0.06508795920890993  0.07588425288248588
  0.08737255432560415  0.09817500288540038  0.10799208349564876  0.11769172896493160
  0.12808146398164888  0.13907670025837326  0.14943588736905597  0.15981028612915443
  0.17034962822573332  0.18130551158467459  0.19254387844262263  0.20341085613928092
  0.21368110321167830  0.22329700214976492  0.23277069674220588  0.24237479062422132
  0.25247112877510219  0.26318380627263094  0.27456794025974818  0.28647352914946839
  0.29787016180907699  0.30811410947978235  0.31772399604244994  0.32724770264313202
  0.33707965820242641  0.34702820584089239  0.35690833322315735  0.36691297994473471
  0.37702321322016502  0.38734085612295988  0.39813068537494301  0.40926404717940856
  0.42041534264711000  0.43123585202837844  0.44135410758506743  0.45140679113682214
  0.46164454994403203  0.47222469241199766  0.48287516413165038  0.49338077050074686
  0.50399121080443787  0.51440829703868640  0.52462447648625021  0.53481319767963476
  0.54548920472628537  0.55620051932187453  0.56653079496021974  0.57687390821901607
  0.58753672631008103  0.59852489340717430  0.60954763663816613  0.62059641499814400
  0.63139043155776076  0.64208329346602266  0.65279029830153090  0.66373322851232119
  0.67437930112476585  0.68476805266051299  0.69499604798985881  0.70514890801670183
  0.71517272479341043  0.72514612083120811  0.73539322647504624  0.74611928101438407
  0.75704835787501079  0.76770552596520814  0.77791254447555169  0.78854296250079692
  0.79978637645100348  0.81068880178845193  0.82138320444908830  0.83199878308498199
  0.84266747048770185  0.85308123037171457  0.86325900302285330  0.87347802320634904
  0.88351750920443861  0.89355793441429221  0.90350336621155780  0.91339612891625099
  0.92339185231220078  0.93402990942949871  0.94516103298275456  0.95624280725366007
  0.96733969336015468  0.97839698045196377  0.98923950401088678  1.00000000000000000
  0.23444433637982415  0.24261836988619126  0.25058809869256982  0.25894186745143499
  0.26711638512704533  0.27512245983004646  0.28327742814367002  0.29174894980968819
  0.30030548919809547  0.30846833388431111  0.31613307018393089  0.32345383204239825
  0.33094888710971604  0.33840354011025470  0.34611408363886464  0.35389915031952046
  0.36145092240739846  0.36868992466884826  0.37571152864065471  0.38246732352634821
  0.38917354531058862  0.39584662585992697  0.40247661435867943  0.40898568700166765
  0.41539944229362802  0.42167389068734601  0.42777723377754462  0.43389713809827901
  0.44013857050012595  0.44646049499662066  0.45257625799229756  0.45865202255451826
  0.46492965257321311  0.47154794113659831  0.47839562957299997  0.48502568547864905
  0.49128474202143663  0.49721818211000002  0.50312817373280827  0.50915921215156545
  0.51534105656857765  0.52153448140430758  0.52772538730623364  0.53394596745853384
  0.53997062822127351  0.54542894400215369  0.55070549553799597  0.55593333882497431
  0.56110356291632069  0.56595563379726310  0.57084579359305831  0.57599077236823615
  0.58124914156234730  0.58648598178667843  0.59166496205640751  0.59682306565315602
  0.60215765019702672  0.60766335026006468  0.61321020439462615  0.61859040356995210
  0.62378809561598769  0.62870448222992892  0.63357382204570512  0.63840100896052154
  0.64328236060204413  0.64827512237647356  0.65310901910130703  0.65780713981952388
  0.66242951063512900  0.66682291458948328  0.67097649480331112  0.67506215049029350
  0.67896769524898803  0.68292789334560267  0.68697529784132605  0.69099241607326045
  0.69491271506783747  0.69889260426327371  0.70290605425007535  0.70690205775705905
  0.71073248810386569  0.71435719588071944  0.71794373870471528  0.72161328710726425
  0.72535090379192524  0.72897163677233168  0.73255096278202891  0.73633255286765831
  0.74049624351825627  0.74446147405277530  0.74835429076525339  0.75100653516401927
  0.75279227591559184  0.75458623390416790  0.75555815517931157  1.00000000000000000
   1.2055778581391638E-061  -1.0000000000000000     
 F F F F F F F F F F F F F F F F F F F F F F F F F F F F F F F F
  <DiscreteSampler_grid>
  grouped_processes
  1 # 1 for a reference and 2 for a running grid.
  10 # Attribute 'min_bin_probing_points' of the grid.
  1 # Attribute 'grid_mode' of the grid. 1=='default',2=='initialization'
  0.0000000000000000 # Attribute 'small_contrib_threshold' of the grid.
  0.5000000000000000 # Attribute 'damping_power' of the grid.
 # binID   n_entries weight   weight_sqr   abs_weight
    10   10   1.425404316939891E-047   6.858884620529622E-094   1.425404316939891E-047
    11   10   1.425404316939891E-047   6.858884620529621E-094   1.425404316939891E-047
  </DiscreteSampler_grid>
