  0.03273662979069914  0.03811920273880515  0.04331659701398873  0.04949883516678590
  0.05598731835222362  0.06252622678880763  0.06935448437833103  0.07644099930096784
  0.08337611888927438  0.09034019741298181  0.09729253763473193  0.10428623579193363
  0.11135455604378972  0.11846978752373410  0.12563774836976882  0.13291055875270172
  0.14028868427373786  0.14775404187583768  0.15534264845588275  0.16290112265271964
  0.17044051046283160  0.17803779145130552  0.18567257133249843  0.19347235836733939
  0.20138169846273501  0.20936565492809942  0.21751771746248910  0.22569901690939131
  0.23404104787862068  0.24241368214958650  0.25085307491806763  0.25941847795799938
  0.26808136919621567  0.27683553120755144  0.28566932015083701  0.29456236653226453
  0.30349227427886610  0.31248466165082112  0.32160226378964935  0.33085709910909739
  0.34028443919901818  0.34988221807525266  0.35964510344908124  0.36952056014278301
  0.37947001789312718  0.38951284848851481  0.39964340140516880  0.40982560482045954
  0.42008903273225962  0.43045229186578143  0.44092856509834311  0.45153083896914342
  0.46226060073238917  0.47309946951095605  0.48405317279452709  0.49514053501425265
  0.50630232723025459  0.51754567541023844  0.52886397697764387  0.54022601431811501
  0.55157980785518357  0.56295368250970446  0.57440214510761456  0.58592195244646328
  0.59751394328726415  0.60919660450718360  0.62096697121072475  0.63286173972133586
  0.64479481473984823  0.65676602054348010  0.66868329187162778  0.68063507714118798
  0.69268283141947629  0.70481161898005862  0.71695087979460792  0.72902044987794379
  0.74104124137263383  0.75308363335734585  0.76506693937816972  0.77705818183805708
  0.78900619949037831  0.80103958584848534  0.81331890480164282  0.82591237350277957
  0.83862729781812650  0.85119117928019139  0.86440326809171475  0.87794447142004872
  0.89185921268944468  0.90592186329077884  0.92008434038062836  0.93460180112652236
  0.95009606510552580  0.96551968357793694  0.97914355295900235  1.00000000000000000
 -0.00241670049215589  0.00927705869561405  0.01945917466461044  0.03009091302529952
  0.04073784135098160  0.05140772580624035  0.06199384092397742  0.07254253581574670
  0.08307626401040789  0.09365614711673576  0.10418023101275971  0.11462337232927410
  0.12501283102768074  0.13549462853401703  0.14612697035446864  0.15670267142202268
  0.16730652261575540  0.17783316921506589  0.18839267643404051  0.19905558556987546
  0.20965680429360478  0.22012302759651522  0.23048592334882773  0.24078538540376340
  0.25125666416056652  0.26175128594378799  0.27226204791968805  0.28263106090686196
  0.29290199044541065  0.30313378329324614  0.31336296015762416  0.32365935894712528
  0.33403044367963763  0.34454213261202021  0.35517354466819756  0.36594530042936196
  0.37681002884919035  0.38751773904371700  0.39811485426202031  0.40850200464765724
  0.41885943208902326  0.42920895860016867  0.43962761328925848  0.45011552345833333
  0.46044974713370929  0.47082922617652256  0.48115395408032391  0.49158465203553486
  0.50194425983799795  0.51230770671652148  0.52272542491277652  0.53315904772631850
  0.54370271244287116  0.55432518352092530  0.56503339357750937  0.57569766226225627
  0.58608779516311749  0.59650195243435622  0.60699239762902146  0.61767503501099275
  0.62825271794000115  0.63868806087520669  0.64921576174463125  0.65978549721035551
  0.67036706089951281  0.68104216642517257  0.69158792782548384  0.70216013680407185
  0.71259469834386191  0.72328465236241091  0.73401469504896455  0.74460133325071831
  0.75509920885782711  0.76566984539397132  0.77629934061077732  0.78691176310853206
  0.79780530887411505  0.80877921541879028  0.81969153217321400  0.83031562967978334
  0.84106690913123694  0.85192051028111515  0.86268887729715604  0.87349822279357681
  0.88419328190738977  0.89496984989828332  0.90551376204094025  0.91606419727606159
  0.92650997604280450  0.93701950060957973  0.94756429100952899  0.95814712626907217
  0.96857983776440226  0.97888763098760534  0.98935462713918376  1.00000000000000000
  0.00081825370669424  0.01016360625091708  0.01897361244906634  0.02821824374034844
  0.03749500166269005  0.04677281038361047  0.05602544459800703  0.06526816876474345
  0.07453465723276796  0.08382452313502592  0.09312880360567868  0.10241178372500978
  0.11166800749291912  0.12090754138065674  0.13016256419427458  0.13942269928332299
  0.14868768980209784  0.15794639798370524  0.16721525985096033  0.17651381732690011
  0.18584325465704907  0.19519530584674435  0.20454273568423603  0.21386084269514655
  0.22316078153572758  0.23247959962008516  0.24183529468672188  0.25121906787760034
  0.26061084497363624  0.27001692011306394  0.27940507593361336  0.28881172226272223
  0.29816488097641830  0.30748152632914871  0.31676428109997118  0.32609120207527698
  0.33548977519955203  0.34493829919977625  0.35443802957288495  0.36395994979926921
  0.37353425499372428  0.38312986801731713  0.39271514125177387  0.40233178229453981
  0.41197232017194951  0.42160385656617300  0.43124377476809694  0.44086213967929705
  0.45051502760994494  0.46016089679994276  0.46985786144983277  0.47957589450548588
  0.48931481161689289  0.49905325154430330  0.50885624290064846  0.51867332396633137
  0.52847460699134252  0.53825219853673456  0.54808614089755492  0.55799082642117226
  0.56790960421042558  0.57783738111200678  0.58783828113751690  0.59789162679566343
  0.60796402300895902  0.61810335782074055  0.62825484994705749  0.63841098336353908
  0.64860883229713906  0.65892034715707481  0.66935929728624888  0.67985855933798078
  0.69040188996909835  0.70100481521326086  0.71174866658241243  0.72266164834324231
  0.73374885414227098  0.74490856731217181  0.75621184678373188  0.76758644613918703
  0.77922213616400682  0.79095928353899803  0.80264507420123710  0.81447545748224737
  0.82680318815041820  0.83933620502089490  0.85185602991362153  0.86457447090114370
  0.87770004521511813  0.89125031528006338  0.90514452589962879  0.91948176363150935
  0.93479217098607892  0.95198712137963648  0.97323147852589775  1.00000000000000000
  0.15749121650799650  0.27136824848378799  0.28179295720614839  0.29145033107997986
  0.29949862524168919  0.30650295454945176  0.31300829885148884  0.31892934424549729
  0.32461930648708298  0.33022734411060928  0.33553362642806694  0.34062343490912622
  0.34563532476128150  0.35062209753919077  0.35553236681695749  0.36037067728886424
  0.36516847930185253  0.36995117718726828  0.37467147779001014  0.37927475384028592
  0.38380389395575915  0.38829398000582688  0.39276434564103613  0.39724305900470241
  0.40171833438456350  0.40615965224469824  0.41056308787770240  0.41491614918420727
  0.41924606348044591  0.42355691021618452  0.42786305426736526  0.43218067343761923
  0.43654445103124501  0.44091096551801262  0.44525874111958724  0.44958928368099571
  0.45389470632390849  0.45821102966847449  0.46248572872897131  0.46672888163933179
  0.47094868286161107  0.47516520681504804  0.47941325258281647  0.48368591684680912
  0.48793885406588661  0.49214387174728691  0.49633384286920484  0.50053074247180662
  0.50477772352734451  0.50899349687700646  0.51316300187573460  0.51729586626763102
  0.52144877060136685  0.52568298252135981  0.52996593916910584  0.53423838608524876
  0.53848137913889826  0.54270753735480104  0.54695269265817492  0.55124629990736540
  0.55555944666307255  0.55989229384765238  0.56424897720416722  0.56861312637049133
  0.57296606609339984  0.57731343016614034  0.58167045362415570  0.58607848766736170
  0.59049626243553777  0.59496757196097161  0.59944430169539253  0.60393416830477176
  0.60845309374488854  0.61302541687849055  0.61766248746052188  0.62232611642706892
  0.62698341995724860  0.63163731373208087  0.63634434857941757  0.64112192950325497
  0.64594895733646041  0.65090406578085080  0.65593427554527384  0.66097740759121926
  0.66610232057830721  0.67143663214432781  0.67695777459051976  0.68243369592765091
  0.68810012625626849  0.69443383297403738  0.70132844626852953  0.70900344073471422
  0.71788927841905981  0.72838854368705552  0.78939217023205965  1.00000000000000000
   3.3018933284999848E-004  -1.0000000000000000     
 F F F F F F F F F F F F F F F F F F F F F F F F F F F F F F F F
  <DiscreteSampler_grid>
  grouped_processes
  1 # 1 for a reference and 2 for a running grid.
  10 # Attribute 'min_bin_probing_points' of the grid.
  1 # Attribute 'grid_mode' of the grid. 1=='default',2=='initialization'
  0.0000000000000000 # Attribute 'small_contrib_threshold' of the grid.
  0.5000000000000000 # Attribute 'damping_power' of the grid.
 # binID   n_entries weight   weight_sqr   abs_weight
    10   10   1.499179748729297E+005   2.600791022379877E+010   1.499179748729297E+005
    11   10   1.499179748729297E+005   2.600791022379878E+010   1.499179748729297E+005
  </DiscreteSampler_grid>
