  0.24617403088977036  0.32492050131447003  0.32789088452578080  0.33112332694655644
  0.33464374641730349  0.33892095937637662  0.36158636619129181  0.36589526279723822
  0.37018165691630994  0.37803772980905903  0.38196911545226581  0.38516196251177948
  0.38817828349610667  0.39105960519010113  0.39384251112245444  0.39655101256597614
  0.39916192874188500  0.40434374429350339  0.40769514478154539  0.41033951029451454
  0.41294456561646536  0.41548069372745589  0.41806221878953315  0.42070903753161643
  0.42336531533773153  0.42602509395040150  0.42866042919557329  0.43127622438121255
  0.43387603461545871  0.43650593520570791  0.43914728194003183  0.44178605445206448
  0.44443776021148990  0.44710416141431558  0.44976673065355338  0.45241642210592886
  0.45505227894409794  0.45768105620817806  0.46028478425251212  0.46284953771604587
  0.46543441806055602  0.46800676947037284  0.47059519455438725  0.47315601900774340
  0.47569935204312241  0.47820591585977285  0.48065598372403895  0.48307671319664103
  0.48549550928409185  0.48789221693715379  0.49023644830061175  0.49251937377702587
  0.49474667959180152  0.49693354593880201  0.49910695980399905  0.50125908635183480
  0.50343947677606593  0.50564029432876190  0.50788410392080263  0.51017627969265888
  0.51252020419913535  0.51490419788024944  0.51731486825653805  0.51975563947569825
  0.52223250461906268  0.52474460900624109  0.52727830981562140  0.52982706427166182
  0.53237469240804025  0.53489137771393080  0.53740693541125240  0.53986734381961399
  0.54252955044784235  0.54543439056285536  0.54834018097372628  0.55122980658437848
  0.55410519177277640  0.55697103224624134  0.55984010649298477  0.56272534808726260
  0.56565452130584870  0.56859577958945728  0.57155409900581333  0.57448782403799159
  0.57747437559561432  0.58037749460259236  0.58346103802657001  0.58687736542848834
  0.59057788319890148  0.59458344083284442  0.59931931622814194  0.60438995080593938
  0.60684246768518868  0.60858660957576827  0.60910225018188502  1.00000000000000000
  0.00133976792894854  0.01316517900862953  0.02188622885360992  0.03225865012926526
  0.04244044107255318  0.05285851944964177  0.06347706987108026  0.07480002394119284
  0.08603157849834032  0.09717445725364503  0.10827702697754921  0.11940168186392115
  0.13003085648267865  0.14039048090514186  0.15087846666704266  0.16132196399387833
  0.17184379378844084  0.18230240657160923  0.19270979575361746  0.20299630511613861
  0.21325996830701272  0.22345433400168674  0.23366426169706658  0.24395822400217354
  0.25441560210849440  0.26502274271778298  0.27555975855410514  0.28618103951744917
  0.29699940372942468  0.30799325267517758  0.31864923901150272  0.32912378523764774
  0.33954804300245978  0.34986275136958001  0.36020468728492278  0.37067597151934145
  0.38123757736878805  0.39167573033556274  0.40197824274807858  0.41229320604486558
  0.42266768708092861  0.43295975072082687  0.44338793831985701  0.45387190141056372
  0.46455718014578828  0.47530977609718000  0.48594350710527046  0.49645278870730514
  0.50658464995967734  0.51671878797755311  0.52707929316476154  0.53758663600066370
  0.54811385172974914  0.55854366080456652  0.56896375284394940  0.57945915363461742
  0.58996787000466933  0.60045461849737758  0.61081518793746392  0.62116374815329800
  0.63155837009383997  0.64200823100981896  0.65243481452439378  0.66279783975564843
  0.67325483756228333  0.68357898084620516  0.69394805347119970  0.70439265368608328
  0.71490208088603824  0.72557278498491984  0.73619629824752131  0.74674144679520649
  0.75719367837451057  0.76763591309499546  0.77816454669747881  0.78865824959071651
  0.79908351017479617  0.80958094601713249  0.82012901415309925  0.83075704331646139
  0.84122106467911828  0.85166834855214579  0.86237190658353435  0.87316763842252720
  0.88377497713668041  0.89450039274900717  0.90513061666712558  0.91594192261236407
  0.92651525893893560  0.93714561966632060  0.94766374926952857  0.95808019261698918
  0.96857229599719363  0.97904155976895801  0.98949739282134896  1.00000000000000000
  0.88752266738126728  0.88791311024538266  0.88866040720586870  0.88939907845170429
  0.89016030754238784  0.89094070636955214  0.89169493484350260  0.89240591594575158
  0.89312521127576738  0.89384786196826538  0.89457254728889291  0.89526040699639697
  0.89610905030921184  0.89719164858548350  0.89831696978076037  0.89942363609734866
  0.90053158265294542  0.90165972063340616  0.90279211933471826  0.90390035250192391
  0.90498217401094172  0.90606229230536539  0.90715520256143356  0.90824964290587884
  0.90934576794569066  0.91044853454964447  0.91157017810315688  0.91269066061432413
  0.91379635827425665  0.91489898479074383  0.91600337846104274  0.91712402754207301
  0.91825405983621289  0.91939823564513090  0.92055322448070320  0.92169898364586689
  0.92283523948676627  0.92397028498555511  0.92511375465163159  0.92626188803070042
  0.92740084190179883  0.92854171990364820  0.92970367857207248  0.93087864963307154
  0.93204815081512471  0.93321090720275224  0.93437554615525165  0.93554480703449294
  0.93671579822249518  0.93789119244295971  0.93908211644176764  0.94028727769653153
  0.94149274377422165  0.94268422443704625  0.94386551321644518  0.94506095115643951
  0.94627832480630436  0.94750595719718411  0.94872324069193414  0.94993029904059267
  0.95114087499990385  0.95235846289193637  0.95359367611643275  0.95483788301958861
  0.95607870162362385  0.95731237789010082  0.95856888701750742  0.95987239915106848
  0.96118672511146064  0.96249880564523238  0.96381453442673493  0.96514193321648900
  0.96647584577171253  0.96781932778710900  0.96917543255210792  0.97055360432624926
  0.97194257802972372  0.97333499790891387  0.97473148450916203  0.97613643572228737
  0.97754340011153329  0.97895339055802966  0.98037521004209172  0.98180939847088144
  0.98325362387488646  0.98470965540638489  0.98618081506919475  0.98767210095157576
  0.98918127246288745  0.99070726246523089  0.99224538120096872  0.99379665092912817
  0.99535158410724967  0.99691061373898682  0.99845540570847646  1.00000000000000000
  0.30708802427690007  0.30947902816447198  0.31289200021576974  0.31758643724744950
  0.32269934973606818  0.32772597819932964  0.33272052669528540  0.33763386643907495
  0.34251451798734345  0.34736756340138986  0.35221242062568142  0.35699144993765414
  0.36175487571177223  0.36648898242460648  0.37116983645671864  0.37582622428600665
  0.38039814596940863  0.38497178259092996  0.38951673090947964  0.39405582603517098
  0.39857332574544418  0.40303295052010496  0.40747344043029943  0.41193475765609522
  0.41640641131115397  0.42077013470693592  0.42506382906303936  0.42934398729035755
  0.43363441447405809  0.43790953078544004  0.44218472777556583  0.44643335497330316
  0.45067209664204844  0.45489413903647385  0.45911849949444511  0.46333684387269947
  0.46756751025077625  0.47175916965643561  0.47592330679965544  0.48008940512518200
  0.48429651712353300  0.48852806453123904  0.49275497742310254  0.49698761108974115
  0.50121847634276429  0.50543012578550928  0.50962745588776304  0.51380687425609406
  0.51798766709491162  0.52214765231117344  0.52630872827256725  0.53047200041156306
  0.53460951455155181  0.53871528231958099  0.54279732252424895  0.54688581302230743
  0.55097567182222318  0.55503741700714959  0.55907161550272966  0.56306779642916172
  0.56697026683723217  0.57093130050572583  0.57492884429089430  0.57888211192863370
  0.58280169238706214  0.58669525317521909  0.59059747501871429  0.59450028608145522
  0.59839468456776157  0.60228872281377510  0.60611760717671559  0.60988516041830521
  0.61363219364513344  0.61736991022345922  0.62109532660475308  0.62481960021022664
  0.62853780776484536  0.63225318798102403  0.63595663995766716  0.63963315243134977
  0.64329830190574566  0.64691040775807018  0.65048398375016181  0.65404093890979231
  0.65757196252581718  0.66107873350345292  0.66454636720707738  0.66798612211962838
  0.67140476294857809  0.67480655276069856  0.67819936577050388  0.68151304388233558
  0.68474314534569269  0.69015195999558332  0.69021315266674654  1.00000000000000000
   1.2684477504295390E-008  -1.0000000000000000     
 F F F F F F F F F F F F F F F F F F F F F F F F F F F F F F F F
  <DiscreteSampler_grid>
  grouped_processes
  1 # 1 for a reference and 2 for a running grid.
  10 # Attribute 'min_bin_probing_points' of the grid.
  1 # Attribute 'grid_mode' of the grid. 1=='default',2=='initialization'
  0.0000000000000000 # Attribute 'small_contrib_threshold' of the grid.
  0.5000000000000000 # Attribute 'damping_power' of the grid.
 # binID   n_entries weight   weight_sqr   abs_weight
    10   10   2.185790117127488E+005   1.037973211143555E+011   2.185790117127488E+005
    11   10   2.185790117127488E+005   1.037973211143555E+011   2.185790117127488E+005
  </DiscreteSampler_grid>
