  0.01127832022178903  0.01594862168877307  0.02429693250678727  0.03408892170329875
  0.04375461350643903  0.05331516708437850  0.06298565192216385  0.07281552460068484
  0.08278249295639849  0.09292174884534725  0.10310609133249529  0.11347011098862948
  0.12382596172987040  0.13436152340569352  0.14496902354566479  0.15581513867169008
  0.16671637692640140  0.17791509873567160  0.18920349089239916  0.20062344869350862
  0.21219140320958091  0.22393045395911740  0.23569763241923206  0.24750885534961936
  0.25951430607519332  0.27168034508085592  0.28387562076765466  0.29611561103329970
  0.30849081467877504  0.32105037313446888  0.33377256605297756  0.34654295672625446
  0.35927104961966538  0.37193250516135279  0.38460116228314289  0.39733092559749617
  0.41012376506708403  0.42299773015900255  0.43584284101485959  0.44861634549957019
  0.46127474607041224  0.47382767963540823  0.48633295346418381  0.49880939368902466
  0.51121110290566629  0.52358259482382952  0.53591825885916433  0.54820099180372517
  0.56035193483769397  0.57238815157767975  0.58430088914527245  0.59609046572687152
  0.60775387802669856  0.61930527637140098  0.63071984967132666  0.64200355625524475
  0.65312902659231098  0.66415099523528898  0.67510429778783954  0.68598007757535306
  0.69676760936302262  0.70740335450945757  0.71786061790785427  0.72812598228002023
  0.73819827285514417  0.74820025351844233  0.75808454181014295  0.76782821297599368
  0.77737880749196742  0.78681805512095193  0.79617383163252198  0.80545637875314102
  0.81459497346876142  0.82361038023202471  0.83250001435038545  0.84128276669077062
  0.84998517470694768  0.85862896609566119  0.86714940719220501  0.87560517042239960
  0.88396413829387255  0.89223849971832991  0.90042005745007769  0.90849453956038717
  0.91651505524339916  0.92447088046644799  0.93231765790427779  0.94001781078934477
  0.94759033254004266  0.95512509179891125  0.96259605431289563  0.96995700864473067
  0.97721238999734061  0.98398284672657110  0.98908029074477910  1.00000000000000000
 -0.00237995585698753  0.00947279739333113  0.01953441748821522  0.03010964296095469
  0.04070025728535633  0.05121643369090914  0.06167171875987453  0.07217762972159683
  0.08277558763725859  0.09318018927124111  0.10369640507151921  0.11413729656416780
  0.12465190422270969  0.13497414475787486  0.14529331444170440  0.15572590714317000
  0.16609138928325529  0.17662143634539956  0.18719633548784451  0.19790118507848381
  0.20849755107766377  0.21902029131793152  0.22952208949892958  0.23984716603140321
  0.25019121075389866  0.26064996544756264  0.27111555915858160  0.28161372538837204
  0.29200320199331065  0.30266779440126224  0.31331419463142074  0.32398421825130225
  0.33471331260779730  0.34531613760294827  0.35594261317680420  0.36642839678579170
  0.37698079049149341  0.38761895575670102  0.39833476119132255  0.40904282035500106
  0.41963102011857029  0.43013355607085929  0.44068830195896758  0.45123936863897313
  0.46170873318821976  0.47216376193018661  0.48260817719482019  0.49311527256266136
  0.50362109315474668  0.51423168160035282  0.52482046072279798  0.53546142549891418
  0.54596229571435673  0.55653644363659394  0.56698243371957791  0.57745023716558885
  0.58794157445715378  0.59849376579412505  0.60902647423908107  0.61956712112112355
  0.63005976799789942  0.64060801271010559  0.65115786875038695  0.66174786283568721
  0.67228095773637042  0.68285978269684500  0.69353526581933900  0.70429218532255888
  0.71489663000393466  0.72542464221459280  0.73597554538823007  0.74661662470170143
  0.75729530220632868  0.76794859207609933  0.77852617734140850  0.78906257368335808
  0.79962361106655044  0.81009782081804937  0.82051555079565142  0.83092631685585827
  0.84142622613078921  0.85198936133956649  0.86252875900796111  0.87305707077609684
  0.88358225131916823  0.89413483229371149  0.90474867246975832  0.91538550591484957
  0.92594324316640964  0.93656105423331526  0.94722294333277657  0.95789074410048791
  0.96836819225312210  0.97890688471385601  0.98945591006487410  1.00000000000000000
 -0.00149642492983650  0.00776009215419707  0.01646942272920970  0.02598233479581728
  0.03582558144409333  0.04585576552620319  0.05598570003476273  0.06625005273080165
  0.07659919100258072  0.08693832122449693  0.09723243059177492  0.10752509208654595
  0.11784562477740544  0.12822089629030559  0.13860233648423981  0.14900408366830656
  0.15937150436438996  0.16976031420252455  0.18010565112265248  0.19049687122167216
  0.20092267645876855  0.21138275549160374  0.22182545363380723  0.23224373230336348
  0.24267499974544920  0.25316409742613544  0.26372494721810918  0.27434845823968296
  0.28496090197886254  0.29553837327248123  0.30613829782720414  0.31676137113996006
  0.32742193406824444  0.33807261656910065  0.34873319177730044  0.35932925410303596
  0.36987751950917536  0.38038937327621591  0.39092501025919985  0.40146778918012438
  0.41199540021050779  0.42250856906570528  0.43300836868791803  0.44349565716466960
  0.45399165306244527  0.46456715385589803  0.47516748848759999  0.48571276943455860
  0.49619876259742252  0.50669720023735998  0.51725224244117574  0.52781961382147669
  0.53840662865975653  0.54897575020032330  0.55949963820833670  0.56997809150108036
  0.58043516842560705  0.59086514935575651  0.60132369269783614  0.61184310278435783
  0.62244453880445283  0.63306400250492312  0.64363483193134774  0.65420001722393006
  0.66474803228304091  0.67540271490248571  0.68607511776289520  0.69671466846222796
  0.70734286095645871  0.71796561808156389  0.72865681881340216  0.73939074495308998
  0.75018059321947195  0.76100446863798221  0.77181361736165699  0.78249865964065435
  0.79314742684712947  0.80370064287475418  0.81433783624615774  0.82493344572940974
  0.83562456799161455  0.84634688710219785  0.85707698092676354  0.86776174425598929
  0.87843812362352858  0.88909425164412925  0.89978104004457804  0.91049640421130107
  0.92125758207017139  0.93197952814102814  0.94260924335363527  0.95330351933989987
  0.96420909739381588  0.97529229163396913  0.98721752185224121  1.00000000000000000
  0.24360676003624473  0.25686582389607937  0.26680208254421606  0.27622410649228074
  0.28513927356019708  0.29377795648972804  0.30201227046833012  0.30995707584180698
  0.31760293694350172  0.32502588347440020  0.33228140687441515  0.33932119658944293
  0.34617842982235419  0.35289004790714762  0.35939619956045821  0.36578028997464629
  0.37214724480088673  0.37837632841468705  0.38446768767396156  0.39049185382969048
  0.39639398087707806  0.40219474372548447  0.40795082260701759  0.41368425317610741
  0.41935983245722158  0.42493902156350760  0.43049800959076051  0.43599986034263688
  0.44143176177972610  0.44680975940013623  0.45217415376884085  0.45749984696910151
  0.46278021641489558  0.46803474683416485  0.47330460024374593  0.47857696935528327
  0.48380507998115047  0.48897619503560336  0.49410933833039383  0.49921874014932788
  0.50432772110204338  0.50941994432578197  0.51444781767052217  0.51940317133795655
  0.52430754659123724  0.52919368636625019  0.53408685180707105  0.53898081674559328
  0.54384439734659928  0.54868169586615201  0.55352113926658009  0.55836996870695665
  0.56317235828918732  0.56790439778679003  0.57258716656994912  0.57725100193134682
  0.58190723146334566  0.58654714780653905  0.59117304236048618  0.59578112815343276
  0.60035994411868410  0.60492461996384284  0.60948812211012515  0.61404971717332146
  0.61860766444995807  0.62312783044171971  0.62762515134164976  0.63212559125009316
  0.63665294423182850  0.64120078498530519  0.64572334221011807  0.65022288111003657
  0.65469966005217684  0.65917642507088348  0.66363998515780342  0.66809622126244761
  0.67254617962446372  0.67698005379938686  0.68137900619617586  0.68577531212165954
  0.69017175120180807  0.69460852200819645  0.69906518190961087  0.70352583817411363
  0.70798812779465459  0.71242225169326601  0.71682578774050165  0.72120978903960831
  0.72555624474421376  0.72998470190783793  0.73449298147990716  0.73900867557891692
  0.74335320148869732  0.74835177589459856  0.75722094427325393  1.00000000000000000
   9.7982954704274854E-003  -1.0000000000000000     
 F F F F F F F F F F F F F F F F F F F F F F F F F F F F F F F F
  <DiscreteSampler_grid>
  grouped_processes
  1 # 1 for a reference and 2 for a running grid.
  10 # Attribute 'min_bin_probing_points' of the grid.
  1 # Attribute 'grid_mode' of the grid. 1=='default',2=='initialization'
  0.0000000000000000 # Attribute 'small_contrib_threshold' of the grid.
  0.5000000000000000 # Attribute 'damping_power' of the grid.
 # binID   n_entries weight   weight_sqr   abs_weight
    13   10   1.955803826027784E+008   4.737583816265874E+016   1.955803826027784E+008
    14   10   1.955803826027784E+008   4.737583816265872E+016   1.955803826027784E+008
    16   10   2.525433941026974E+008   8.008826612189792E+016   2.525433941026974E+008
    17   10   2.525433941026975E+008   8.008826612189794E+016   2.525433941026975E+008
  </DiscreteSampler_grid>
