  0.01102995455481124  0.01568978692383959  0.02400209531465311  0.03378267133303584
  0.04329289334551378  0.05284197009860412  0.06262060489052663  0.07268285692576780
  0.08285244112197748  0.09308731297461341  0.10337631031716440  0.11374732339170096
  0.12413007974795053  0.13466334194714524  0.14546120034309817  0.15647143429341417
  0.16771610056487418  0.17902163692067791  0.19047972599963248  0.20207697026232116
  0.21374194560716078  0.22548545199406689  0.23732571713058132  0.24928093865403952
  0.26131201670248816  0.27343491326814440  0.28569838190693653  0.29806660871316354
  0.31050981881171402  0.32300337520052086  0.33556455798696633  0.34818771257181058
  0.36088836111243006  0.37362300108683827  0.38634013621353192  0.39899804218062324
  0.41162253246349073  0.42419390999669887  0.43682656438913281  0.44939785362305168
  0.46197281211712082  0.47450414529402296  0.48708984981124703  0.49964162359989972
  0.51215237839909566  0.52457280060543254  0.53687134678181059  0.54901327860816274
  0.56108472805173826  0.57298199238706715  0.58481637932571751  0.59655799016745392
  0.60822671832250774  0.61986402179291955  0.63133836761530082  0.64266926349522335
  0.65373360136405290  0.66470453279977204  0.67550437571736632  0.68620652354884637
  0.69675389968021828  0.70720212542469096  0.71749319325713767  0.72771734610866534
  0.73780251904815819  0.74783220766743574  0.75768973568680298  0.76743181618540857
  0.77697569763432495  0.78640237139306335  0.79571625453151928  0.80491762273765433
  0.81401305947557889  0.82299673492179015  0.83190725732317561  0.84073170560347854
  0.84948034019032448  0.85812237405732972  0.86664195337903860  0.87508265688097797
  0.88341779336785675  0.89167952447441556  0.89983590364944055  0.90791164211222009
  0.91591787876859565  0.92383997875757384  0.93167623399342536  0.93942805130110629
  0.94709665862116643  0.95469184413246844  0.96219443121910042  0.96957640485617946
  0.97693167841422324  0.98405764417042985  0.98969225156622997  1.00000000000000000
 -0.00232148946148928  0.01008846193736925  0.02049231550589628  0.03114561227348647
  0.04173620388314365  0.05220756221000753  0.06267245162427253  0.07325984139149001
  0.08373385400190256  0.09416297129606688  0.10464951349803893  0.11530167647983736
  0.12589656867182608  0.13638995530848588  0.14683830239044429  0.15733971595111895
  0.16784189139398953  0.17843263217102381  0.18907841754830979  0.19970231027487220
  0.21026957734242135  0.22077398070199555  0.23123409889305602  0.24163455431029035
  0.25205234699350432  0.26258359909170315  0.27322880813449080  0.28388843385899887
  0.29444680039686549  0.30499089029619236  0.31560165740640694  0.32622153722955494
  0.33675313209791519  0.34729017096117321  0.35782128863172485  0.36841108185674698
  0.37895838456011727  0.38951217861269738  0.40007727255331149  0.41061406049202254
  0.42119672709637490  0.43176601415582549  0.44234440377104667  0.45290914553967354
  0.46357974098481541  0.47423311130546558  0.48473424147945166  0.49511089278148546
  0.50554571415959759  0.51608344415375174  0.52659086472247096  0.53702642799743139
  0.54753994254511018  0.55808574009508094  0.56862535318749474  0.57916494160764509
  0.58974404026957861  0.60040070803780676  0.61105247437047694  0.62163991332936364
  0.63219749230903699  0.64275584329957458  0.65330032656863191  0.66382100144122969
  0.67427035109170119  0.68469241931209790  0.69513419268975718  0.70553353953971765
  0.71600788671742877  0.72647640536176061  0.73700746342120582  0.74759967164847008
  0.75819557156614381  0.76880786663294087  0.77930207491256420  0.78987756623531158
  0.80047961466368356  0.81098103711257452  0.82138104067880968  0.83179011637702671
  0.84225692516502970  0.85283114870651389  0.86330398929355123  0.87387542190195933
  0.88441502342390277  0.89504062002333551  0.90556950599879094  0.91608591386014737
  0.92663745581147972  0.93722943469086251  0.94786345760966362  0.95846971139808845
  0.96887442092487808  0.97929780511144293  0.98959082139384225  1.00000000000000000
 -0.00162886714358683  0.00791825003420549  0.01685413845029667  0.02643300516689041
  0.03636515679499702  0.04646273150811944  0.05660068839180894  0.06672891224274183
  0.07683514004144919  0.08701974830263262  0.09731590059800710  0.10762109675180964
  0.11786232665166049  0.12804535340026857  0.13829456509547117  0.14862167464831341
  0.15909203174820000  0.16964429595090336  0.18020290578444886  0.19075925130890570
  0.20135191668880525  0.21192205222166610  0.22249016011470751  0.23305889427376331
  0.24362168543262366  0.25412080045918539  0.26459899804375642  0.27510851648349260
  0.28565185644121588  0.29620424760805314  0.30681026514965082  0.31742782553596682
  0.32805735471159103  0.33871041802744578  0.34938506981558870  0.36001312301121202
  0.37060874372552294  0.38121416150352011  0.39184628533973270  0.40246132443547433
  0.41308038715670964  0.42368847335236570  0.43423111755707217  0.44463128310801214
  0.45497922544398506  0.46529847250694306  0.47560600100072487  0.48591050597387753
  0.49623604272933436  0.50669895614853577  0.51724555421347818  0.52780693306391890
  0.53835542707856954  0.54886108093655384  0.55936827595984784  0.56984016733153409
  0.58030869823418973  0.59079908855049057  0.60131668578506103  0.61183698335272863
  0.62236090549704792  0.63289068950816407  0.64339478647126991  0.65393888070979722
  0.66451822857542209  0.67513524721032747  0.68572403369983959  0.69622484973903986
  0.70674684391278320  0.71728650962891383  0.72782945625667494  0.73835835076479861
  0.74894901647528611  0.75965342208812003  0.77033581199341539  0.78093510332005700
  0.79152068674966947  0.80215431318744868  0.81282319801104386  0.82344093817792408
  0.83403986590241719  0.84458417434073807  0.85519820295858395  0.86575915585780006
  0.87633964169911638  0.88691105991679275  0.89757237530511602  0.90832451125773295
  0.91921816290608938  0.93021134841174002  0.94118936800749309  0.95206864366134569
  0.96329171599473351  0.97479837197197650  0.98713612328498423  1.00000000000000000
  0.14166961996377611  0.21448826957099565  0.25933125306698357  0.26536698115584501
  0.27372081539316107  0.28240947643650377  0.29086878994022020  0.29896396855480917
  0.30685706854354283  0.31452137477436831  0.32189314925884743  0.32913515121365533
  0.33623097710121780  0.34317475751494986  0.35001810714762560  0.35673758601918143
  0.36332627306351278  0.36982414785994033  0.37622047257426600  0.38249101553114351
  0.38868036431472064  0.39479545003577782  0.40077688473139372  0.40668942746370146
  0.41257252856384086  0.41838796331987310  0.42413282899742999  0.42985406430209161
  0.43558076540411844  0.44122777566582233  0.44682631149811641  0.45237143945704522
  0.45786851103413706  0.46333418999534298  0.46877498223537611  0.47419614530920906
  0.47958857207566519  0.48489957363937380  0.49019606116489722  0.49545466427302381
  0.50069551182543726  0.50587578580734027  0.51103941832378053  0.51618914144275252
  0.52131193759016636  0.52637765124349889  0.53144068658593546  0.53646753190107843
  0.54148460576358970  0.54647078057197085  0.55143356501001917  0.55637936005040711
  0.56133560707674890  0.56621234529931352  0.57108631187608150  0.57591553126930761
  0.58075293221128421  0.58555382869389128  0.59032810339284836  0.59508975351651761
  0.59985124594381378  0.60460180871319824  0.60933487564834221  0.61406378656769189
  0.61874922056410331  0.62341496468472546  0.62805082528264522  0.63268065381881344
  0.63730342485794800  0.64191461296450181  0.64651144584044862  0.65108277732158437
  0.65563908848057151  0.66018274542805211  0.66472729099975592  0.66927411653500846
  0.67382070461999288  0.67835757033965838  0.68287151760904485  0.68737121091401598
  0.69186695197002324  0.69636199700281587  0.70086020127154391  0.70536016534271540
  0.70986856870141835  0.71436026890315751  0.71884062073751243  0.72330655315174464
  0.72776931233926345  0.73223758711206766  0.73669594615663214  0.74120902649785225
  0.74585539151803382  0.75039210695633651  0.75393601593116866  1.00000000000000000
   2.1803738541380699E-003  -1.0000000000000000     
 F F F F F F F F F F F F F F F F F F F F F F F F F F F F F F F F
  <DiscreteSampler_grid>
  grouped_processes
  1 # 1 for a reference and 2 for a running grid.
  10 # Attribute 'min_bin_probing_points' of the grid.
  1 # Attribute 'grid_mode' of the grid. 1=='default',2=='initialization'
  0.0000000000000000 # Attribute 'small_contrib_threshold' of the grid.
  0.5000000000000000 # Attribute 'damping_power' of the grid.
 # binID   n_entries weight   weight_sqr   abs_weight
    10   10   1.612847933596071E+008   3.753049750370321E+016   1.612847933596071E+008
    11   10   1.612847933596071E+008   3.753049750370321E+016   1.612847933596071E+008
  </DiscreteSampler_grid>
