  0.01212003234040593  0.01788930897387023  0.02500717754982216  0.03452844073961710
  0.04385705827739293  0.05322015456703229  0.06262061699242751  0.07201128075572241
  0.08145140133632581  0.09110268351273147  0.10083559446290341  0.11087612079942298
  0.12095995096150383  0.13129191728733206  0.14173506563217422  0.15234072363962708
  0.16310442524706123  0.17387649105809552  0.18488343400006377  0.19605651701345525
  0.20755242530441431  0.21912992727354363  0.23077390783249527  0.24247299146180548
  0.25428353480294014  0.26639345823142874  0.27875684692368646  0.29130998280378767
  0.30393332476895618  0.31661376821050968  0.32929645108091671  0.34201965142731883
  0.35487107850514188  0.36792188496530470  0.38110922878810410  0.39433785412877814
  0.40753417258291075  0.42073452534471162  0.43396767906342842  0.44720157605980654
  0.46039558696343374  0.47344905568160306  0.48644677796679203  0.49941244587008971
  0.51239448580982394  0.52531205173842876  0.53809850677206739  0.55076514712836899
  0.56332719228453887  0.57575418257825961  0.58807325958163936  0.60025175132677300
  0.61226853341029186  0.62412452397681428  0.63582087052621805  0.64738226667240961
  0.65874847011282178  0.66995030320403248  0.68093908986822449  0.69180426040288157
  0.70250070692609845  0.71305957778022955  0.72345410837022461  0.73374609592589712
  0.74387353834124059  0.75389497395531502  0.76375620265407496  0.77355155154139221
  0.78314542401772713  0.79259025930748339  0.80183742980082695  0.81102754912002295
  0.82007519709884236  0.82898964601697867  0.83778278689599717  0.84647440338844637
  0.85507671793405227  0.86355771055682251  0.87192424130219581  0.88015649834421095
  0.88825418893202945  0.89625140594125252  0.90412375245477772  0.91196974314275259
  0.91968965811873271  0.92728975364077904  0.93480765140636224  0.94220330579478184
  0.94951344221854717  0.95676529648522080  0.96388740120213756  0.97091532131205738
  0.97788889194576301  0.98454043209302988  0.98817747506800124  1.00000000000000000
 -0.00229063844990115  0.00976392703202639  0.01994125365231190  0.03050078108787458
  0.04105020816583869  0.05166060723558495  0.06232193716404034  0.07305197784730789
  0.08377864710081680  0.09434608566521584  0.10490419105230053  0.11550010489493327
  0.12607235282283880  0.13657575447419817  0.14704003496020845  0.15750454096672095
  0.16799637868407541  0.17843772837243346  0.18882081951844684  0.19911041233666524
  0.20938804820507992  0.21985266703513912  0.23034810843431353  0.24106563883743948
  0.25182523396318118  0.26251136704670014  0.27315992349498486  0.28373625437183564
  0.29419656078933637  0.30450637432047012  0.31480024684646324  0.32526955043535649
  0.33573985330309908  0.34622261707471708  0.35670939176102096  0.36724269918988689
  0.37782320243818640  0.38843036793334879  0.39908007724375544  0.40961937463030373
  0.42015309190884947  0.43066697128242187  0.44120928048776314  0.45187680802455704
  0.46262521598577228  0.47327911691401764  0.48386771651758831  0.49439106977673436
  0.50499820874971235  0.51558470195332540  0.52615559472722417  0.53662190534637444
  0.54708906768907184  0.55753240739665844  0.56807712872990646  0.57867034038765197
  0.58937139943204064  0.60013398388495121  0.61077343641510917  0.62131215934942541
  0.63165729051947728  0.64196282944939986  0.65234779102498019  0.66272370854384011
  0.67317903867631823  0.68354720363535681  0.69391314676328031  0.70433041769121341
  0.71491548116276693  0.72556984440848826  0.73611933111047700  0.74671245483212823
  0.75717285290143388  0.76773462468184528  0.77815678096804575  0.78860307551712350
  0.79895216820830151  0.80926895039189251  0.81992979351966055  0.83064369906107194
  0.84140760583678775  0.85203873919045869  0.86265693845526248  0.87335660672383653
  0.88382250720862543  0.89424928878886589  0.90484124258232879  0.91527568152599947
  0.92575932328153154  0.93624974623509616  0.94711039092796911  0.95797061537673400
  0.96852706158279678  0.97900245881537784  0.98948639679654626  1.00000000000000000
 -0.00084445143788325  0.00751359293203627  0.01572412873446933  0.02452773187805934
  0.03390990308214765  0.04364782644004469  0.05362860649475953  0.06371339940107218
  0.07386117878678602  0.08399168746134442  0.09408800276808496  0.10415874374494476
  0.11428015101205563  0.12450190416610898  0.13485166057483591  0.14525732538566283
  0.15562851581304379  0.16598327958502981  0.17637770051992838  0.18682157529819798
  0.19725863654104350  0.20767320562481781  0.21807466581628526  0.22847481250360971
  0.23883088262742372  0.24916921068249490  0.25949547430324865  0.26984293786409835
  0.28021814962837843  0.29063320178226337  0.30110871528873673  0.31163476127516815
  0.32214044387879792  0.33261407279794214  0.34301717329761289  0.35338559461888081
  0.36371930554175463  0.37405602809577049  0.38447757970807284  0.39493635935433158
  0.40539586539678585  0.41582555379701325  0.42620106054517293  0.43657419995771868
  0.44691410336825022  0.45730738454024111  0.46780451465505440  0.47839726708048713
  0.48902705442180061  0.49961221527943167  0.51014026647965982  0.52068209071052884
  0.53125771812037570  0.54183980562646550  0.55242240299876544  0.56302403985012239
  0.57371067796641073  0.58434916640880608  0.59491048403623403  0.60541307458516902
  0.61596113201665537  0.62651747440691963  0.63710106217195128  0.64769905631372227
  0.65827732329592303  0.66882475604779801  0.67938156218417312  0.69006764358452122
  0.70086242636586560  0.71166882250351959  0.72245693069908734  0.73325484650354866
  0.74413137692943121  0.75499653621679608  0.76584155170380297  0.77661852043074087
  0.78741857422772166  0.79813681455519658  0.80884216705170953  0.81961975556951983
  0.83034096610652908  0.84107704331451760  0.85186550718275200  0.86286810433243732
  0.87375318296151971  0.88443708469314364  0.89512902892130708  0.90601176090098923
  0.91683985338979412  0.92755773702854094  0.93844530784624880  0.94962610540566827
  0.96106439695294876  0.97288973120903188  0.98593656095513915  1.00000000000000000
  0.25402372120455213  0.26069528452132412  0.26887343181842455  0.27639398546635896
  0.28363532243218148  0.29063782918071734  0.29732530103136601  0.30382747731144277
  0.31023404949940325  0.31643404369119138  0.32244097091496715  0.32839104763311694
  0.33423788104229674  0.33998095236472708  0.34563802536060539  0.35121465618984093
  0.35661530756736032  0.36188352986302619  0.36708546172227030  0.37222987828306769
  0.37730240469050413  0.38232306219478024  0.38732586573070416  0.39230653723301290
  0.39723752487815001  0.40208824998219822  0.40685661661298556  0.41156827848651800
  0.41625154048710583  0.42091619905843913  0.42555158345265887  0.43014750488981868
  0.43471965261423273  0.43924550216099495  0.44374546418645727  0.44826511993632501
  0.45277177413120717  0.45725225230590449  0.46170741007370608  0.46615153625977107
  0.47060043123684425  0.47505982018614179  0.47950955735392986  0.48394087627540688
  0.48836400520632645  0.49279995443140551  0.49724773841186892  0.50168097243192589
  0.50609957882751433  0.51051236215036599  0.51495792657660300  0.51940960760808297
  0.52383373729295968  0.52826078404100818  0.53269320580649615  0.53717115929955450
  0.54165846482813951  0.54617061759073771  0.55070218864822673  0.55523879632784845
  0.55982696281722677  0.56449999759584135  0.56922509472735505  0.57392644510818824
  0.57858066163768185  0.58325968792830385  0.58797225680457732  0.59269580058085125
  0.59746682462444201  0.60222452877102950  0.60704352742273782  0.61189893619078473
  0.61682742895261200  0.62183494131590955  0.62690141975859826  0.63201956277910687
  0.63719033283113036  0.64241197091938074  0.64779723274301571  0.65327454550229413
  0.65883250870519405  0.66442262442081190  0.67023860751234310  0.67618140187727249
  0.68219876398516321  0.68832877473162191  0.69470177947070799  0.70125289925899648
  0.70793875153890840  0.71486801145558065  0.72193835612767843  0.72923388856377225
  0.73694114949579481  0.74471805672405622  0.88599407665779562  1.00000000000000000
   2.2878909160089366E-003  -1.0000000000000000     
 F F F F F F F F F F F F F F F F F F F F F F F F F F F F F F F F
  <DiscreteSampler_grid>
  grouped_processes
  1 # 1 for a reference and 2 for a running grid.
  10 # Attribute 'min_bin_probing_points' of the grid.
  1 # Attribute 'grid_mode' of the grid. 1=='default',2=='initialization'
  0.0000000000000000 # Attribute 'small_contrib_threshold' of the grid.
  0.5000000000000000 # Attribute 'damping_power' of the grid.
 # binID   n_entries weight   weight_sqr   abs_weight
    10   10   2.152591559114582E+008   7.105860260821148E+016   2.152591559114582E+008
    11   10   2.152591559114582E+008   7.105860260821148E+016   2.152591559114582E+008
  </DiscreteSampler_grid>
