  0.00868660290580035  0.01466158368493301  0.02350788010370040  0.03367610873953792
  0.04360224767089364  0.05356853428459177  0.06354482779886252  0.07355293358112504
  0.08358045893077164  0.09364640123031649  0.10375031713585983  0.11391264259821585
  0.12409948095380952  0.13433196039153325  0.14458032264110307  0.15483485233030750
  0.16507712095619190  0.17532027818794066  0.18555521736418806  0.19585682869383800
  0.20614315099507893  0.21646705903033858  0.22679375434957250  0.23717277242079304
  0.24754741749420364  0.25791218231222790  0.26827581959185198  0.27872968137086385
  0.28920043378501986  0.29972888757897187  0.31026898569403066  0.32084557181739476
  0.33138707316234672  0.34198406980997181  0.35260096372451244  0.36324650006956893
  0.37386747787604768  0.38450943104713020  0.39519716030752944  0.40588778352258520
  0.41659888304198722  0.42738505569433893  0.43818868237190567  0.44906339772839143
  0.45995038136218519  0.47083829430080598  0.48172424956390825  0.49227155862492267
  0.50272405026852551  0.51318349715896394  0.52391558541707661  0.53485008686204139
  0.54574713496267246  0.55658538133864843  0.56732392804684995  0.57798560879634908
  0.58863432087214707  0.59929563799760810  0.60994245252475987  0.62055980133740163
  0.63117098637141911  0.64178486235562149  0.65233708684612202  0.66283390741775139
  0.67333191302746709  0.68384670732607789  0.69443403287991823  0.70506389230244804
  0.71567525999348525  0.72620520897175411  0.73665869298959685  0.74703282779821878
  0.75737459906927740  0.76767872273991122  0.77802338370748247  0.78838155174991253
  0.79871740557580717  0.80902516087986398  0.81929331042804332  0.82955570020590275
  0.83981388565019888  0.85005248188908533  0.86028702566852577  0.87049762751435433
  0.88066872351643122  0.89077132052141950  0.90083675775935967  0.91088618206791294
  0.92096112222251336  0.93100514923519340  0.94105110260672931  0.95103748506237873
  0.96100723581401815  0.97089360588204487  0.98076440927771091  1.00000000000000000
 -0.00247895581607280  0.00965096397242896  0.01985022182581572  0.03043093451889482
  0.04106612242867650  0.05169352496942413  0.06230860509221827  0.07284284748752391
  0.08342592505798750  0.09390357564011274  0.10446315025053818  0.11500675474890136
  0.12551342364885898  0.13605693723104023  0.14660953457303916  0.15721354671288737
  0.16771777183748579  0.17820412664556559  0.18874485713870456  0.19935691146591622
  0.20995814369445778  0.22054857149167398  0.23105803186981300  0.24159240201939855
  0.25214591831036992  0.26277536953584135  0.27342396006042774  0.28402039302511684
  0.29457489132949111  0.30506185965073701  0.31553568261696274  0.32599098030739693
  0.33650865779063610  0.34702893976151589  0.35756720909056494  0.36809313167217750
  0.37866320340770093  0.38925884920486348  0.39986466177694135  0.41044905899066431
  0.42097481515781843  0.43147462945102955  0.44203233901351807  0.45261202246812010
  0.46320066203947086  0.47376287123677319  0.48429020297284697  0.49473743019431887
  0.50523035065184241  0.51570693144344681  0.52627119356776331  0.53681100749257227
  0.54743222929283197  0.55804750163958927  0.56861636701430995  0.57920573720140001
  0.58978881772092762  0.60038149191716161  0.61096632774735504  0.62145569420342373
  0.63199175170213584  0.64248368809246814  0.65308785354941457  0.66367804365404115
  0.67423428462067336  0.68479346725681711  0.69528423020326224  0.70580334928352961
  0.71629569014065131  0.72683341920323441  0.73730906415794284  0.74735404568159192
  0.75740912739833077  0.76750859512029601  0.77803547188688083  0.78858543259532610
  0.79916845770016354  0.80973675735348616  0.82025651360336072  0.83072798925467650
  0.84135135313927800  0.85198615493026919  0.86260841111608710  0.87315224443379802
  0.88372499133565008  0.89431108989206554  0.90498283953430925  0.91561021713696722
  0.92615236351150210  0.93664858231079451  0.94722247863594522  0.95779801820738719
  0.96834670506740805  0.97883854696484007  0.98942599161294154  1.00000000000000000
 -0.00230183042775451  0.01013093823893108  0.02042485647933657  0.03101865101583431
  0.04158830974708972  0.05227051414682833  0.06289025741552588  0.07348724689844600
  0.08404036001049829  0.09461501623478091  0.10520975063364556  0.11579950575423441
  0.12637424466640512  0.13694624261149030  0.14752364221754433  0.15807819823468749
  0.16858021483163135  0.17910783553553752  0.18962192620992421  0.20016097853541004
  0.21068025274085009  0.22120993926167468  0.23173619717544500  0.24226897240538339
  0.25279958291290505  0.26336969324684117  0.27396065090651717  0.28456047716817234
  0.29509099293134022  0.30562222158864799  0.31615652332992605  0.32672323388848129
  0.33726592270574840  0.34787245198788225  0.35851081640849358  0.36912305437225712
  0.37972472822121245  0.39028153496885376  0.40091091643605681  0.41147118271195876
  0.42202902773511169  0.43253877648398747  0.44298865115034036  0.45341539442300038
  0.46381668082867161  0.47429997147740921  0.48476467807620827  0.49525356725133102
  0.50569938634658351  0.51619100644453697  0.52671550683432722  0.53728010961173267
  0.54781072715040380  0.55827483953678125  0.56838715438956666  0.57860534204102287
  0.58878507294443572  0.59936985242328189  0.60993534511190384  0.62056571047654807
  0.63109773542829850  0.64165138939470812  0.65223103214425227  0.66285616290384541
  0.67346743243147378  0.68404588236892228  0.69462000259550183  0.70515643291766750
  0.71578989076229194  0.72643099274745560  0.73701925819564940  0.74753904986660114
  0.75802324450809766  0.76856822850281847  0.77906480950638068  0.78952505847806842
  0.79997579276623032  0.81042173237437587  0.82091884186575792  0.83138508829983737
  0.84189495175147622  0.85243701140395778  0.86298909468890905  0.87350063608104944
  0.88398143739713597  0.89448098831367584  0.90499729764059056  0.91548814244286403
  0.92594212277838717  0.93647720270628709  0.94701540624029801  0.95760559239744625
  0.96815425452872506  0.97879651749564400  0.98939325820379687  1.00000000000000000
  0.23734220981379883  0.24208949257770848  0.24972829363664378  0.25764122926409405
  0.26563697837452738  0.27330190885119704  0.28070353072059645  0.28798126316811112
  0.29501559029449470  0.30187052698115302  0.30862547826667874  0.31520468222409104
  0.32161842750039649  0.32796082575930280  0.33421735067294339  0.34029636556810833
  0.34631206826438116  0.35226340073354256  0.35811409236975350  0.36388116266068682
  0.36960693893638397  0.37527210125858118  0.38086038869378586  0.38640173612839923
  0.39190489265580675  0.39734834706211358  0.40273083020685652  0.40808667326460585
  0.41341734426589372  0.41870630089080607  0.42394897189100011  0.42916227389715089
  0.43435534835233797  0.43951824036176407  0.44465431441070080  0.44977631259021789
  0.45488927300948134  0.45998278447144880  0.46505519468848228  0.47012028084535429
  0.47517855305955403  0.48022964961164061  0.48526927439722062  0.49031433000491947
  0.49535942399436644  0.50040217346991234  0.50543707695331652  0.51047028512187786
  0.51549961586393944  0.52053222631192597  0.52557526831426682  0.53063761690046152
  0.53570538437390158  0.54077971713071071  0.54587917958432408  0.55099297065226838
  0.55612273685265179  0.56125586649379200  0.56644125060583517  0.57164240472167294
  0.57686216576903626  0.58209716839167225  0.58740023106647365  0.59272932125114797
  0.59808220686826441  0.60346263905462727  0.60891594297165175  0.61441530304385150
  0.61994559013446993  0.62554033049180446  0.63122175973530392  0.63696390063699304
  0.64275207724240890  0.64863146860679799  0.65462170567529765  0.66067047275114821
  0.66681384035846425  0.67308512232439655  0.67945312677501968  0.68590443868812923
  0.69251976960550010  0.69927446648386948  0.70615319303918578  0.71323651485666073
  0.72050537682094384  0.72793857851831223  0.73564101077867683  0.74367154745349950
  0.75135078100619879  0.75765379621453710  0.76096941006447505  0.76165587024303982
  0.76329231900564432  0.76595051421342131  0.76860870942119841  1.00000000000000000
   2.3196658446849550E-012  -1.0000000000000000     
 F F F F F F F F F F F F F F F F F F F F F F F F F F F F F F F F
  <DiscreteSampler_grid>
  grouped_processes
  1 # 1 for a reference and 2 for a running grid.
  10 # Attribute 'min_bin_probing_points' of the grid.
  1 # Attribute 'grid_mode' of the grid. 1=='default',2=='initialization'
  0.0000000000000000 # Attribute 'small_contrib_threshold' of the grid.
  0.5000000000000000 # Attribute 'damping_power' of the grid.
 # binID   n_entries weight   weight_sqr   abs_weight
    10   10   1.439497232766106E+000   4.198261755412145E+000   1.439497232766106E+000
  </DiscreteSampler_grid>
