  0.00770381829742322  0.01993536387986337  0.02949644817375567  0.03900204021977364
  0.04854501077902299  0.05809075595313253  0.06800642206154586  0.07804972296705383
  0.08817462175219197  0.09834023794489249  0.10858636005207055  0.11907137532424557
  0.12956055501148589  0.14001132443792574  0.15047992002704733  0.16115898352531033
  0.17215518336232200  0.18321408767471323  0.19444464257859129  0.20572408630604069
  0.21732194670502600  0.22906321674735267  0.24105255921254570  0.25283409873084728
  0.26474926819560374  0.27680035881806475  0.28922795988099337  0.30168771155895741
  0.31423726380460565  0.32690937576548157  0.33958436920158613  0.35217147965898027
  0.36482254846654744  0.37756981374591692  0.39034084488263548  0.40298962918725229
  0.41557722647165579  0.42820229546082428  0.44083906918136878  0.45344190340016505
  0.46604091330710495  0.47861690788820860  0.49108663819143838  0.50348547914166031
  0.51582632241907245  0.52822518798722873  0.54054303498158318  0.55272137476069338
  0.56478016820981081  0.57665905704237452  0.58839908690956366  0.59999384567370229
  0.61149748487455480  0.62290586163346873  0.63421023843212987  0.64535800986801517
  0.65630175772239074  0.66718170414196942  0.67802149101781795  0.68875424387465800
  0.69927093943378138  0.70975005214737574  0.72011883359819850  0.73040784066649345
  0.74050060292780617  0.75047457404489737  0.76028884174258848  0.77006988544167176
  0.77971594303672176  0.78939290449632227  0.79877530577764488  0.80805692508536753
  0.81714794516028666  0.82615377708764404  0.83501374440447695  0.84376714915754547
  0.85243492897912310  0.86094964541382391  0.86939803781891134  0.87771405975288053
  0.88592469629804904  0.89406509350598473  0.90209056052633740  0.91004581635600923
  0.91791932779935326  0.92573364537606262  0.93349213856301594  0.94113401606752334
  0.94866266396990284  0.95610835330013277  0.96345609905851515  0.97073138863895769
  0.97789900475780833  0.98484636534273884  0.99094572921810964  1.00000000000000000
 -0.00218889955751435  0.00961334709844208  0.01977842700396284  0.03017857430357834
  0.04061165432496903  0.05105229200936113  0.06151664034071228  0.07198865392620345
  0.08249089764158490  0.09299455098763415  0.10349156148840317  0.11404050963754991
  0.12459760837009699  0.13519921256007972  0.14579423753847898  0.15638099477091380
  0.16690186010185204  0.17739248124365781  0.18795078710277516  0.19853418070273948
  0.20903031272571190  0.21956535824294734  0.23006286054024205  0.24055921756015189
  0.25107367411349968  0.26179480404489641  0.27250294379452145  0.28311624089234333
  0.29378277699472749  0.30447851561654155  0.31514682381082720  0.32559687335072968
  0.33604911563208817  0.34662762509842643  0.35714859062998350  0.36767419875245616
  0.37820246103886229  0.38865328322536169  0.39901555291871726  0.40939425757624559
  0.41980765604877224  0.43043633545473509  0.44098061785336756  0.45156972219088709
  0.46213763414330555  0.47264699783545955  0.48326970140893011  0.49386902449610437
  0.50459148185074787  0.51520447637252575  0.52585967028783431  0.53646208550115271
  0.54709495707277567  0.55765381216013676  0.56812589886558551  0.57861539696169706
  0.58912901909348481  0.59974307766315926  0.61030191487183394  0.62085608528596192
  0.63132846297933687  0.64177543581970986  0.65218137746655358  0.66263360059004717
  0.67312369105530667  0.68365660901932324  0.69416583547278354  0.70466961614771917
  0.71519509103728296  0.72566710250613098  0.73613098167664825  0.74663670175017083
  0.75720777533091788  0.76774097978128553  0.77816314173430690  0.78862068986380229
  0.79913332812505788  0.80972730249728331  0.82043070501677740  0.83120548325857468
  0.84184570523822577  0.85239518972568229  0.86276873746849703  0.87315144825685509
  0.88345312077901106  0.89386254904214402  0.90443300227087164  0.91503780821039538
  0.92572358832910207  0.93632471040159482  0.94685487671610247  0.95740720865485984
  0.96790307872581316  0.97856071164654024  0.98918503311505990  1.00000000000000000
 -0.00163090899810398  0.00778236057200582  0.01667359862764142  0.02633541833793508
  0.03635039046274334  0.04657880394146113  0.05681076825901146  0.06709376792802443
  0.07737302965859917  0.08771976345759935  0.09808052409183163  0.10846553373754465
  0.11887829611489557  0.12935720252936722  0.13990188115237007  0.15038997170706467
  0.16081767860781429  0.17125395163752444  0.18172639190866846  0.19217595321681266
  0.20261052883515432  0.21302146933494903  0.22344013670535826  0.23382776021664869
  0.24420060882005210  0.25460549719979686  0.26502748791202835  0.27556347234207634
  0.28620179797815209  0.29685524011430509  0.30745093331717488  0.31799803997385551
  0.32859214749518767  0.33919851015081753  0.34978675119067743  0.36034995700493594
  0.37087557783306802  0.38139823556988811  0.39191893635709746  0.40248771475512102
  0.41311221239642593  0.42376660897066548  0.43441049047572627  0.44502099311560556
  0.45559933178295742  0.46619588316000449  0.47682203560856001  0.48746676182619952
  0.49808229015826072  0.50863197110864466  0.51909259458345924  0.52951931541825636
  0.53998754211379363  0.55054448970298853  0.56113033316305505  0.57167879414622780
  0.58219471796002376  0.59272381042372291  0.60327925900424650  0.61385472616911729
  0.62440567969686445  0.63494109336887161  0.64545089292783209  0.65592695436887427
  0.66637620925375440  0.67679855905563691  0.68720850537487643  0.69758906535558085
  0.70794512479264093  0.71836305842695813  0.72883351030868349  0.73934558915203641
  0.74987240850331671  0.76041491075485046  0.77102952263970637  0.78168616242368194
  0.79235402362658169  0.80297555490174866  0.81361132823525772  0.82431546678018297
  0.83503525385975552  0.84569909154985501  0.85636870067108462  0.86704689367712118
  0.87774647058593924  0.88843428579747596  0.89914158270699773  0.90983419336768523
  0.92044933306637688  0.93109046000654461  0.94182589578611553  0.95270732331578156
  0.96383537042394896  0.97516178367689499  0.98728558125661781  1.00000000000000000
  0.25130611097284405  0.25964375173756277  0.26915021856957561  0.27837036958992800
  0.28728088926351691  0.29580339408834783  0.30394908883645216  0.31183863767161923
  0.31937969770376701  0.32672710218152140  0.33392738315432319  0.34081243487052820
  0.34761127197605113  0.35432973023052183  0.36086050690113103  0.36727883190548583
  0.37357632733392138  0.37972634222972179  0.38575717483448946  0.39175848573885075
  0.39767356580883689  0.40349049065417875  0.40922102735037535  0.41490006851310474
  0.42049468073686141  0.42605536254610882  0.43161073683324158  0.43710026951553227
  0.44246864848228096  0.44777450306384198  0.45306356982823764  0.45832050226886611
  0.46351889523834661  0.46868944120836992  0.47382974232860930  0.47892262919783007
  0.48395827383375944  0.48897989251609136  0.49400127056523246  0.49901481273221832
  0.50398998386064608  0.50894246457750536  0.51386705231767471  0.51878931463597266
  0.52370096844405445  0.52859265756969698  0.53346782742006060  0.53832644322990619
  0.54316012696487270  0.54797867240034182  0.55278717460051696  0.55757797652200858
  0.56235614393293365  0.56707257367107766  0.57175430174338127  0.57639089861730175
  0.58100521475340705  0.58563317338456478  0.59023487827965360  0.59481868089168821
  0.59936173058165487  0.60394826094943743  0.60853952151179780  0.61315423570126582
  0.61772628500358762  0.62229112134271447  0.62683286926570836  0.63137342029585497
  0.63590643055743656  0.64042898867456843  0.64491915753211215  0.64937241795600187
  0.65380641040625287  0.65824599319023103  0.66267514241937142  0.66708746655144358
  0.67148005164890501  0.67585678639537172  0.68024549519460042  0.68463931035274306
  0.68903713643074238  0.69345859701988233  0.69787517017705036  0.70227717220671659
  0.70663079320331701  0.71096674685038164  0.71530981652507208  0.71966085714653061
  0.72401849944827767  0.72837096813111690  0.73261829575393822  0.73683184954570258
  0.74113476754853125  0.74587412211925674  0.74687598616375328  1.00000000000000000
   9.8273373141926565E-003  -1.0000000000000000     
 F F F F F F F F F F F F F F F F F F F F F F F F F F F F F F F F
  <DiscreteSampler_grid>
  grouped_processes
  1 # 1 for a reference and 2 for a running grid.
  10 # Attribute 'min_bin_probing_points' of the grid.
  1 # Attribute 'grid_mode' of the grid. 1=='default',2=='initialization'
  0.0000000000000000 # Attribute 'small_contrib_threshold' of the grid.
  0.5000000000000000 # Attribute 'damping_power' of the grid.
 # binID   n_entries weight   weight_sqr   abs_weight
    13   10   1.716936470829008E+008   4.392079026465206E+016   1.716936470829008E+008
    14   10   1.716936470829008E+008   4.392079026465206E+016   1.716936470829008E+008
    16   10   2.196805371747240E+008   7.205616731133656E+016   2.196805371747240E+008
    17   10   2.196805371747240E+008   7.205616731133656E+016   2.196805371747240E+008
  </DiscreteSampler_grid>
