  0.01897597543357982  0.03003008490080069  0.03955136863985820  0.04846358981387557
  0.05692916153759042  0.06438905354230545  0.07130951242076278  0.07841559524452851
  0.08584935093787191  0.09344078477885320  0.10116443082099874  0.10904316077895435
  0.11704289760941226  0.12496065653451111  0.13287038444352314  0.14095119824287622
  0.14918544858682348  0.15740943309255917  0.16563598451216260  0.17399087704098434
  0.18255153382163722  0.19123985381158165  0.19995052197460569  0.20866480503401363
  0.21760531118644025  0.22666220978789337  0.23580244905734882  0.24498404674861432
  0.25413243815316794  0.26330527671909393  0.27256086389053302  0.28184682891088653
  0.29115821772117184  0.30052323764090827  0.30997315639159401  0.31961330819148820
  0.32933714266871733  0.33917858561620956  0.34920054398798889  0.35931410070943687
  0.36955085587442332  0.37983307057047955  0.39011074497266968  0.40042024583559910
  0.41079772787658886  0.42135702633642957  0.43209529940183539  0.44290637932871685
  0.45374174299024073  0.46460617031192825  0.47556441523337606  0.48648927060436525
  0.49747619776930629  0.50858164054241806  0.51982367950475539  0.53091971817548922
  0.54200221693707940  0.55306154501921589  0.56415587675158119  0.57528704035586409
  0.58648907678717599  0.59783097520005790  0.60915510615500756  0.62050904366852377
  0.63186466855392454  0.64315311562560917  0.65429720762056520  0.66540327109336073
  0.67660687561876365  0.68790295068264184  0.69915625706337725  0.71034316733311986
  0.72139628306075698  0.73235584042263646  0.74328382163781448  0.75427920215001054
  0.76537859185921742  0.77658324767793496  0.78790171468099335  0.79913124245072364
  0.81027163162142302  0.82120474462906934  0.83202375991141075  0.84285702241881399
  0.85352000564440522  0.86469770304438309  0.87605324254116135  0.88752183126872830
  0.89879881144591500  0.91067811119431230  0.92260701653643074  0.93540325844944505
  0.94997045945261305  0.96543460518328805  0.97496195088595505  1.00000000000000000
 -0.00179620144207204  0.00975301031544451  0.01989590227424863  0.03036620433637720
  0.04084946078831950  0.05150461822184199  0.06202986130593584  0.07252831490851888
  0.08305257378586162  0.09373453868206659  0.10439454279185297  0.11501657047997989
  0.12559921015599806  0.13617091748329191  0.14666982680611737  0.15714450597237525
  0.16783884961759266  0.17860108261502156  0.18946909071930801  0.20016057631011830
  0.21061881587155262  0.22096591438064139  0.23134680512646214  0.24192008522060954
  0.25249794150013261  0.26302197812307848  0.27359413310323916  0.28412614297580463
  0.29468139391662485  0.30527388128236643  0.31587415552619780  0.32673852498701889
  0.33757438122143241  0.34833390012405985  0.35892167056153068  0.36950431897981584
  0.38028818867918335  0.39104569950945028  0.40180960806681704  0.41262513736371681
  0.42332262027101480  0.43386795112986215  0.44424164320870896  0.45459197410542945
  0.46510272759850774  0.47550772956677140  0.48581358989946688  0.49593230076606393
  0.50617380055241867  0.51656988290964934  0.52711219047979674  0.53760934136600869
  0.54804085416676518  0.55835832314404865  0.56881663535168459  0.57935012943188913
  0.59002507095341061  0.60063120927518066  0.61118135178014021  0.62171631698158580
  0.63225738610354321  0.64267741343850926  0.65310157991555273  0.66358595831765554
  0.67417695680287903  0.68474683309594053  0.69517960546797575  0.70566033933217909
  0.71604510081782491  0.72636347691421776  0.73673292287195624  0.74713911726302784
  0.75756233709497955  0.76822994077870510  0.77910402164806347  0.79005493105869096
  0.80062033853775949  0.81104967179927023  0.82161353398038528  0.83223348969032684
  0.84289089205754342  0.85340314739982626  0.86371854902088552  0.87421733648977740
  0.88483145583769196  0.89551472565668422  0.90575663571602449  0.91601001219015565
  0.92647555202562193  0.93699721224308263  0.94742863952970302  0.95774728015385158
  0.96820747256737227  0.97858599483447217  0.98923210701786946  1.00000000000000000
  0.00683487878588464  0.01510210049429525  0.02272828891820549  0.03249630839282661
  0.04192701788150872  0.05142856110047926  0.06093594332307150  0.07046556665457569
  0.08004791324579807  0.08966195565066214  0.09926323171928460  0.10892083165846067
  0.11858476821787643  0.12825358585015281  0.13788619350122178  0.14750721779619982
  0.15713605036444997  0.16675295788243713  0.17635464760643169  0.18593217321242722
  0.19548251569529557  0.20503366924159086  0.21460265899258821  0.22418731045686130
  0.23378623527253126  0.24340782688769622  0.25305936825734043  0.26273373210561218
  0.27237731504555951  0.28196458406333430  0.29152884581714322  0.30110140390921819
  0.31069334146825178  0.32031387504964265  0.32995738182394674  0.33962494928083536
  0.34931818452858443  0.35900238737176343  0.36868567116386131  0.37834073451447603
  0.38796806229440539  0.39762359171539852  0.40732373776570885  0.41707817075889464
  0.42684767732133655  0.43662145323759594  0.44635585353969814  0.45611518680441088
  0.46584944104389664  0.47560054669215246  0.48541168605167317  0.49524571760327951
  0.50513999743076021  0.51501072035536677  0.52490437433704507  0.53485227549658376
  0.54479805422534899  0.55473894267097268  0.56471732461932889  0.57476738198838428
  0.58478098951853741  0.59476860737835757  0.60475360031705550  0.61482933409247364
  0.62500940802870553  0.63530590302380030  0.64565873616249203  0.65607439798479705
  0.66653582163305569  0.67703630041918228  0.68760453389243836  0.69810995970867662
  0.70858517540515598  0.71897109962411820  0.72946853965840142  0.74008961636240145
  0.75086948994368730  0.76179508800465356  0.77294391037533816  0.78413458175390982
  0.79538197845020342  0.80673822808699269  0.81825428247054910  0.82990919421158604
  0.84161132556403961  0.85348053306658567  0.86571731600845425  0.87822718638987263
  0.89121285571892495  0.90443628677814403  0.91814668446428549  0.93204580419030314
  0.94600929185758276  0.96103498082777228  0.97894051392615011  1.00000000000000000
  0.16743119913544310  0.28934198623869889  0.30031617652382364  0.30904812409731786
  0.31663771397541185  0.32351989381155449  0.33028591318295519  0.33666662585540186
  0.34273761225797500  0.34872767030464469  0.35457046463854258  0.36028465827755485
  0.36597898393338851  0.37165752411295194  0.37726863668765503  0.38280961201276287
  0.38833333192911967  0.39382706194584310  0.39923269997165534  0.40455055032092946
  0.40982318752778363  0.41508414193873344  0.42033010033940388  0.42556436859604002
  0.43079048245156554  0.43600681769371585  0.44119215423859659  0.44632253090823293
  0.45140943745728995  0.45649056638242669  0.46150140709644882  0.46643972057879329
  0.47135668169543682  0.47628963534562063  0.48121669322403687  0.48614744356734968
  0.49106387011866748  0.49593679959822529  0.50072478352061534  0.50543109726808988
  0.51014183110332645  0.51489583034062703  0.51964820690295987  0.52435024536506958
  0.52898233798850836  0.53355641376748397  0.53809794194616256  0.54260906100593287
  0.54710542070127544  0.55156792870335081  0.55603126435434913  0.56040675699507447
  0.56478439118760504  0.56914541874619440  0.57353428488831937  0.57795303023957845
  0.58236531480089726  0.58672998933022502  0.59102818911034238  0.59531171457984755
  0.59959905552489257  0.60386261028663524  0.60808458647074226  0.61225669022332452
  0.61641854524641504  0.62055391611589605  0.62466226044350037  0.62879167626388144
  0.63288105998410515  0.63697388087137830  0.64101592052646261  0.64502590576062158
  0.64901495152029565  0.65300816665478989  0.65699618572766616  0.66099690382460952
  0.66502973908439167  0.66908538741230594  0.67316845276309900  0.67722967413328683
  0.68123971411831341  0.68524802625708414  0.68932870776557120  0.69344432436635361
  0.69749554205658315  0.70154137079511847  0.70570474008119310  0.71010252055427103
  0.71469293966362157  0.71919380812402889  0.72367673343165684  0.72847268944164656
  0.73533090712266513  0.74216547925142951  0.76216817670233283  1.00000000000000000
   3.4074042708240795E-003  -1.0000000000000000     
 F F F F F F F F F F F F F F F F F F F F F F F F F F F F F F F F
  <DiscreteSampler_grid>
  grouped_processes
  1 # 1 for a reference and 2 for a running grid.
  10 # Attribute 'min_bin_probing_points' of the grid.
  1 # Attribute 'grid_mode' of the grid. 1=='default',2=='initialization'
  0.0000000000000000 # Attribute 'small_contrib_threshold' of the grid.
  0.5000000000000000 # Attribute 'damping_power' of the grid.
 # binID   n_entries weight   weight_sqr   abs_weight
    10   10   5.652888014216803E+005   3.304623852876234E+011   5.652888014216803E+005
    11   10   5.652888014216803E+005   3.304623852876234E+011   5.652888014216803E+005
  </DiscreteSampler_grid>
