  0.01703975456990303  0.02427945230712605  0.03408121800203159  0.04186853985972855
  0.04893695812559519  0.05530233280353813  0.06190645328787098  0.06860429872044027
  0.07553718894767247  0.08271158473931604  0.08985557537104422  0.09702887605683216
  0.10422814926780509  0.11147289052718418  0.11881454927762218  0.12632058664823609
  0.13392963125096100  0.14150107115813856  0.14908478043848000  0.15677819937081808
  0.16456023363649314  0.17247134405359521  0.18048644659978300  0.18858738900045371
  0.19674439553009482  0.20494266999396688  0.21323201440345110  0.22164132045574217
  0.23019417764843469  0.23894977929296787  0.24784230573814184  0.25677597788814049
  0.26578580374825372  0.27491675527679077  0.28418308596093672  0.29351160966380818
  0.30286386988114045  0.31230098752968521  0.32190952986528287  0.33165101396113350
  0.34153070557117549  0.35155430635501633  0.36167751393987801  0.37188036069045033
  0.38214921414723318  0.39253328794071018  0.40298261754585479  0.41350540778968375
  0.42415340810915653  0.43491204020752777  0.44576476077499411  0.45674406078156782
  0.46784788006131683  0.47905967155051449  0.49030368729624163  0.50159200828074790
  0.51290824635963816  0.52427306615340030  0.53569332660880253  0.54717858690003629
  0.55875668796630384  0.57044608637293703  0.58222145069022002  0.59404571084326052
  0.60590290017009585  0.61777971899626472  0.62966274555618951  0.64154562437860274
  0.65343987048867602  0.66530520166495188  0.67712687555803008  0.68889983737989990
  0.70061484902373306  0.71229661127663513  0.72393834069755703  0.73561252341276773
  0.74728711570368578  0.75898135365373498  0.77056597255055992  0.78211880008603696
  0.79375261472768022  0.80536466253264849  0.81692433695218192  0.82863769997641235
  0.84062028465784788  0.85281304862680885  0.86478649320777234  0.87674014851189741
  0.88872120622780137  0.90107818762196135  0.91382643907911210  0.92691477503320940
  0.94138610498526687  0.95629455644604933  0.98960697077171200  1.00000000000000000
 -0.00221256158214461  0.00936170440540908  0.01939281310919394  0.02992271970837795
  0.04041033392098402  0.05109510433834232  0.06161728557179026  0.07217060705812714
  0.08259333680566543  0.09309322715090892  0.10367931270562321  0.11428758610745775
  0.12495596053554626  0.13551500408272132  0.14598730919692460  0.15645945513408319
  0.16692463145534797  0.17743199220690969  0.18793351517987242  0.19849969817771110
  0.20899711628107473  0.21955401015201342  0.23013426442764776  0.24067016560484189
  0.25116265065027366  0.26164539385522206  0.27225937331191863  0.28292008268984997
  0.29356032116819097  0.30422221061392901  0.31488296663352139  0.32547586520165517
  0.33600452104906720  0.34643760592814726  0.35691132954973570  0.36737736907965846
  0.37786661208963013  0.38846259311100406  0.39894680602167720  0.40949069342712369
  0.42004513668868648  0.43069774046775666  0.44121621096817254  0.45161174726580999
  0.46212112114314841  0.47263033935274490  0.48323851522639788  0.49375415500333059
  0.50431059448584270  0.51472437818740757  0.52511733882053713  0.53554882999955822
  0.54609925615691757  0.55667348553435081  0.56718842200801045  0.57769852616193629
  0.58829711475657109  0.59899611491166860  0.60958377996493407  0.62022026376343808
  0.63078401449431531  0.64150231244822120  0.65214613628313112  0.66267314493051488
  0.67305210808145033  0.68340948002963731  0.69397443067699105  0.70459603709920815
  0.71527624507959620  0.72589738109596202  0.73642447407425848  0.74687514323744775
  0.75737127123190096  0.76789724082437461  0.77841696470788757  0.78888477361670195
  0.79941014728834536  0.80992587149007389  0.82057755787480424  0.83113229723770543
  0.84158849719727069  0.85201791033645857  0.86262793969098839  0.87350050375928356
  0.88416448253473023  0.89486482913084731  0.90545489271910118  0.91602670518786422
  0.92656886607804156  0.93723923070685644  0.94770250740916806  0.95807278670948781
  0.96844672027659073  0.97893660169479280  0.98947364148964911  1.00000000000000000
  0.00024919859025699  0.00916773638058671  0.01839833727830401  0.02783684393007040
  0.03725550752857250  0.04672303495142229  0.05617149165031688  0.06559379155874411
  0.07501102990896129  0.08440452068335821  0.09377590005083307  0.10313755707206586
  0.11249327857028696  0.12185118311037520  0.13120558111253131  0.14056897089589213
  0.14995448329886163  0.15935293946604073  0.16875602760922576  0.17817064573846370
  0.18760504482579682  0.19705293857807596  0.20650310456923962  0.21595133006513006
  0.22541075490699644  0.23487575874044003  0.24434523097294311  0.25381439309868253
  0.26327080588438984  0.27270638478650672  0.28213553400927405  0.29158283609953045
  0.30106669955893284  0.31056462835567050  0.32002293101465429  0.32945935868218512
  0.33892735851884020  0.34843848763166463  0.35798787930124781  0.36756168419858937
  0.37716049661129175  0.38677356261752316  0.39637945861637758  0.40599697955530756
  0.41564453196256046  0.42530919170613446  0.43495909716462217  0.44459273311202713
  0.45422779776743460  0.46388130143339640  0.47358299217113525  0.48334217813374403
  0.49312611705985293  0.50293319768827771  0.51276062861642258  0.52263690642125782
  0.53253093552472897  0.54245673668712791  0.55241851864602665  0.56242689784786792
  0.57242294276809713  0.58242230050326116  0.59246657484863385  0.60258699374508484
  0.61278273675036699  0.62301568376538818  0.63330905547485472  0.64365928278875162
  0.65406525712952468  0.66450645240020945  0.67497771890690683  0.68552588827384009
  0.69615552973794137  0.70685597388465959  0.71760647773589614  0.72839617451359806
  0.73926877540810598  0.75026196948290458  0.76141437713815219  0.77267326529199887
  0.78398828798256059  0.79543449995382209  0.80709966288551038  0.81892300393902395
  0.83081895190880006  0.84287787181340823  0.85524546986831174  0.86793721387675593
  0.88103324233607716  0.89459455775976648  0.90867837511999894  0.92303903984033353
  0.93803842359643197  0.95460116542765905  0.97493560239169663  1.00000000000000000
  0.25179516146137565  0.27376750584796944  0.28702895485514501  0.29701619389985257
  0.30549693004368350  0.31318053542971086  0.32017013870215999  0.32687653136626443
  0.33335691581438420  0.33965156841544547  0.34581113084503667  0.35183388896647394
  0.35766206246835419  0.36332158145866533  0.36889746907276655  0.37441707120898715
  0.37987223953494020  0.38526642295400293  0.39060782327182331  0.39588805231213703
  0.40109542359484596  0.40625446918672359  0.41138722775737724  0.41648835302231163
  0.42154910483573838  0.42654982320589885  0.43150521850305168  0.43643492512539933
  0.44133432332330436  0.44622304231801568  0.45110094303784054  0.45599197947029330
  0.46088334163040479  0.46576224144860190  0.47060259864629783  0.47539927406191401
  0.48015309393693134  0.48488680645060683  0.48960797244425219  0.49430719686786229
  0.49898039859555549  0.50358902327165211  0.50820343738478457  0.51281384019113552
  0.51744151479838940  0.52205326500223803  0.52665151279844380  0.53124508962749872
  0.53582083660969237  0.54039452413455624  0.54491608573686590  0.54941787168819278
  0.55387773950089103  0.55832031510395674  0.56274637871572597  0.56715320168592243
  0.57155735633367166  0.57595277631531294  0.58035775711200199  0.58477714374597933
  0.58916135173159390  0.59354103541913439  0.59793646739526640  0.60234860455944184
  0.60674749575064602  0.61109545385414221  0.61541282975181688  0.61971938437846597
  0.62400242005875572  0.62823790220307296  0.63244274355538910  0.63664762374228079
  0.64086889044823880  0.64511103501369771  0.64936927104610098  0.65360660346560651
  0.65784020246729147  0.66206704352083789  0.66629322935630886  0.67049601881906762
  0.67470907536949065  0.67891501625219819  0.68314485478133846  0.68736750631676380
  0.69161896642818110  0.69600228033110989  0.70048371299390522  0.70490507508297440
  0.70970317492718638  0.71513960638805363  0.72244809597173654  0.73069694298592858
  0.73816778035724462  0.78484120101197552  0.87410577807627010  1.00000000000000000
   2.3333122295997387E-003  -1.0000000000000000     
 F F F F F F F F F F F F F F F F F F F F F F F F F F F F F F F F
  <DiscreteSampler_grid>
  grouped_processes
  1 # 1 for a reference and 2 for a running grid.
  10 # Attribute 'min_bin_probing_points' of the grid.
  1 # Attribute 'grid_mode' of the grid. 1=='default',2=='initialization'
  0.0000000000000000 # Attribute 'small_contrib_threshold' of the grid.
  0.5000000000000000 # Attribute 'damping_power' of the grid.
 # binID   n_entries weight   weight_sqr   abs_weight
    13   10   6.908637080386092E+005   5.307161235034342E+011   6.908637080386092E+005
    14   10   6.908637080386092E+005   5.307161235034344E+011   6.908637080386092E+005
    16   10   1.707424119945776E+005   3.260215962982456E+010   1.707424119945776E+005
    17   10   1.707424119945776E+005   3.260215962982456E+010   1.707424119945776E+005
  </DiscreteSampler_grid>
