  0.02460939756721090  0.03019538075502195  0.03727905360773832  0.04411667170925330
  0.05079164734152215  0.05741208297337912  0.06415777871889283  0.07109102326310721
  0.07836963068360020  0.08564607117260013  0.09301266792842974  0.10034978984984978
  0.10773761530972902  0.11519340081777237  0.12271453740341609  0.13026550886058180
  0.13788182707129931  0.14556142521014062  0.15328349328740512  0.16107975523769572
  0.16898727790401977  0.17700395228950266  0.18509679285831268  0.19317647848531339
  0.20123085340853084  0.20934739790367690  0.21758363450311854  0.22584934294418546
  0.23418345852110564  0.24260988612893242  0.25116085359940193  0.25991664113397184
  0.26874050887272688  0.27760436877455197  0.28653280884584309  0.29548292812151555
  0.30452378623304693  0.31365617723030620  0.32298811119249871  0.33241523908115872
  0.34197763708194578  0.35158055333213611  0.36129722936436232  0.37106083917806143
  0.38096847950494489  0.39096967434593072  0.40114357725539945  0.41136530163175666
  0.42172691630317249  0.43224542398316740  0.44299154460820034  0.45383968031334687
  0.46463007834776843  0.47557970667036681  0.48670693229212802  0.49798352937799106
  0.50922680546974752  0.52056164798040294  0.53200097146528003  0.54352743944183168
  0.55508823215334080  0.56671994363391898  0.57834176292704009  0.58999903554350897
  0.60180681307944062  0.61372067612202585  0.62564810899323364  0.63753740279499527
  0.64942314579069171  0.66138480448758230  0.67354236855484539  0.68587276513074780
  0.69812679516572174  0.71032348871727280  0.72267871513269799  0.73544113051200899
  0.74831275727008117  0.76106804667559491  0.77363712346312619  0.78607969535538935
  0.79837800317586727  0.81062968626148713  0.82318896459156410  0.83618429041781006
  0.84959320508957481  0.86308494037521499  0.87643812066360471  0.88973874632422101
  0.90307264586864888  0.91675689101777946  0.93145610008434776  0.94713193123689332
  0.96184075719312012  0.96790184220050135  0.97638014337121803  1.00000000000000000
 -0.00237072618123272  0.00956607249251963  0.01961036776684140  0.02999531663318108
  0.04041137436126017  0.05074374410453869  0.06094112845592253  0.07128789446675762
  0.08153171551821332  0.09189643305763812  0.10230834410331438  0.11287231280237026
  0.12337954923460580  0.13367487335414702  0.14408864543635563  0.15453579233200129
  0.16510773849621169  0.17562453612020945  0.18624592840713858  0.19683667745684846
  0.20748572148876127  0.21800022738601804  0.22861479375048030  0.23910781045782697
  0.24968818743197199  0.26016038558189897  0.27048873910901305  0.28093810016842174
  0.29136556655151657  0.30200524925830197  0.31258314470050647  0.32317679402097349
  0.33374130425028914  0.34412489922193507  0.35458169991817950  0.36499661601184308
  0.37552828105324548  0.38610814352445999  0.39671425738569582  0.40718055449021939
  0.41762707790951664  0.42822623108896429  0.43902891975049463  0.44993752600569281
  0.46073027656706128  0.47136566566701371  0.48192455755944114  0.49249058585291322
  0.50322582103122104  0.51411067915833142  0.52505300933264565  0.53576538619558645
  0.54629689275457993  0.55682771194755121  0.56740047846623509  0.57794446747479122
  0.58836885486395696  0.59885610558518176  0.60950318709714502  0.62020310846593363
  0.63082754463770097  0.64147046339117109  0.65223516157099704  0.66299194204344314
  0.67363052017973768  0.68411112579925337  0.69452194200584139  0.70492962646061186
  0.71527724205768239  0.72571541532693995  0.73613149494105834  0.74666955418572267
  0.75734727490134091  0.76800379650696715  0.77869957281989555  0.78944817180580495
  0.80011515441630265  0.81058896855340101  0.82094635311402242  0.83145579505534639
  0.84205555276231292  0.85250474047511682  0.86278411701159641  0.87288833378386455
  0.88307906040818041  0.89322217270939208  0.90364494263377215  0.91414944466868209
  0.92495824818706363  0.93584279059147413  0.94660974515672525  0.95739249491192224
  0.96810580892556641  0.97874099519772806  0.98930077286854956  1.00000000000000000
  0.00590645682464136  0.01326833475436976  0.02182518868766526  0.03160663851828508
  0.04114434398124532  0.05062826573049462  0.06012657074625258  0.06961293895546937
  0.07907032650150791  0.08851148430140005  0.09793852727228264  0.10741249534140319
  0.11690063465325921  0.12639420090507233  0.13591383585413050  0.14542642643494724
  0.15491184687282747  0.16437100385576767  0.17384494699838576  0.18333761603512930
  0.19283571980558473  0.20232106093717123  0.21180527580051303  0.22129726724589993
  0.23079805186132202  0.24030996257761578  0.24981664920404631  0.25931528374092727
  0.26881575686304554  0.27834756432544527  0.28793835838001719  0.29754073419103583
  0.30713097939761302  0.31669011347314774  0.32617773981593529  0.33567688213979602
  0.34515853043123496  0.35463876635988334  0.36409663655827984  0.37355447339141967
  0.38308906458666747  0.39266264145883245  0.40228038913625153  0.41189356258792564
  0.42151282900821063  0.43114569888407078  0.44077814984856056  0.45038763744437710
  0.46001807471240758  0.46971415263470800  0.47949543973463898  0.48931069018406481
  0.49909067744907792  0.50884456913255682  0.51863605417601732  0.52850085787378798
  0.53838628368367480  0.54823426893054639  0.55808168796232360  0.56808591642027262
  0.57822725966727095  0.58844867736645712  0.59867168009112781  0.60894198868449201
  0.61928035749149501  0.62956704545565556  0.63982993989776726  0.65012409229782941
  0.66052173818531679  0.67098363829215835  0.68146954611690336  0.69203935621265400
  0.70261195546218236  0.71325528554129281  0.72386583593705955  0.73464318669170714
  0.74551601148591640  0.75660975613702519  0.76781625108609775  0.77910145132595088
  0.79040679931915436  0.80197492283564986  0.81382999737499973  0.82578859746806510
  0.83768230175520109  0.84968849641994493  0.86200904085426622  0.87454684598494425
  0.88739287026102709  0.90057616994498524  0.91415182777956705  0.92818279299138751
  0.94302047852212456  0.95908119062352037  0.97780654087356234  1.00000000000000000
  0.07395121642332071  0.27091964969475785  0.28181159110257126  0.29080738221392727
  0.29833274275660676  0.30546997801750037  0.31233764785833640  0.31872494361385695
  0.32486431690234602  0.33087151143958776  0.33666255603796136  0.34223834781004125
  0.34769499279934313  0.35308677566081642  0.35839054076679516  0.36363449251605545
  0.36887666779951211  0.37410795612816133  0.37925952335890661  0.38432440883927205
  0.38933273157406373  0.39429414091893039  0.39926299876604754  0.40423802374027779
  0.40918366787689903  0.41408005959960992  0.41892434337706730  0.42376812446075113
  0.42866486192344644  0.43357870744534860  0.43849474016848206  0.44340169882312047
  0.44828540788911947  0.45312879232676551  0.45789906312540946  0.46263037025349657
  0.46736205523356128  0.47211076979779526  0.47681999214353821  0.48145642911296549
  0.48605148702608120  0.49067952515115848  0.49534814579565384  0.50001196588429619
  0.50465648127954310  0.50926698768118550  0.51390398094161360  0.51848313562802084
  0.52301688301645499  0.52753516144564094  0.53207727366985580  0.53663266585213110
  0.54121074172281780  0.54575351837086128  0.55027809649702553  0.55484973141581861
  0.55939970793182570  0.56396284112318451  0.56849027710315048  0.57301871631192491
  0.57758768023838836  0.58216500129241278  0.58667908587685547  0.59111033550508485
  0.59552752916837970  0.59992872642568507  0.60426899967235603  0.60856970647846254
  0.61286014995694804  0.61717096701450747  0.62150015733295527  0.62578502989081441
  0.63001851061302694  0.63424378615756072  0.63847631909045366  0.64270717698653101
  0.64692941883786759  0.65116441533907865  0.65544322435917635  0.65975661758347315
  0.66407501185811302  0.66839692771535897  0.67275507226882836  0.67716314094671182
  0.68161456637418516  0.68609174652252114  0.69060815796881669  0.69532023099445328
  0.70007512238176517  0.70505722425473027  0.71025473933868932  0.71597213448395380
  0.72216044643961286  0.72909153067405441  0.76709725715627708  1.00000000000000000
   7.8834390105386363E-004  -1.0000000000000000     
 F F F F F F F F F F F F F F F F F F F F F F F F F F F F F F F F
  <DiscreteSampler_grid>
  grouped_processes
  1 # 1 for a reference and 2 for a running grid.
  10 # Attribute 'min_bin_probing_points' of the grid.
  1 # Attribute 'grid_mode' of the grid. 1=='default',2=='initialization'
  0.0000000000000000 # Attribute 'small_contrib_threshold' of the grid.
  0.5000000000000000 # Attribute 'damping_power' of the grid.
 # binID   n_entries weight   weight_sqr   abs_weight
    10   10   1.555889614614992E+005   2.480045090997172E+010   1.555889614614992E+005
    11   10   1.555889614614992E+005   2.480045090997172E+010   1.555889614614992E+005
  </DiscreteSampler_grid>
