 -0.00211392955917853  0.09756956822705434  0.15109010707958051  0.18930301801347191
  0.22202313965614992  0.24953271607421934  0.27334895923005831  0.29466230394077131
  0.31451816493771501  0.33203635952071764  0.34690751421790095  0.35908859621710854
  0.36949459022482689  0.37914533790427113  0.38810454091475000  0.39711380801716567
  0.40596873175321968  0.41488482946507721  0.42355891509375271  0.43165420843883001
  0.43937437641364163  0.44698932662067065  0.45462656115529582  0.46217954687915525
  0.46949931852849669  0.47668517777991404  0.48381542570021197  0.49084464171970216
  0.49793020134446442  0.50494903191999363  0.51182418087144577  0.51828606013853462
  0.52450378933333974  0.53056784531929668  0.53655632390800601  0.54264490430920997
  0.54858691065069842  0.55465733692139707  0.56069189569661670  0.56650189060812872
  0.57209414881157605  0.57760254432205393  0.58295291260901771  0.58836600658314808
  0.59388256455834820  0.59949735418352745  0.60513577474976277  0.61062541509401680
  0.61610302932500138  0.62162951896127894  0.62714317144218013  0.63261030631519488
  0.63819022053420138  0.64414482313741306  0.65088623917650246  0.65824496851841452
  0.66562683870312822  0.67278376849397969  0.67986857327369321  0.68713352131975802
  0.69460793277664046  0.70205121812991811  0.70918951019250287  0.71606938080255211
  0.72301593533728625  0.73021474054972535  0.73764893599146397  0.74533051303246156
  0.75302793856913308  0.76057585328043475  0.76783506239103561  0.77514960957470691
  0.78236969493711528  0.78950407671932810  0.79637694984396634  0.80315668535614104
  0.81036236971934028  0.81775679626724063  0.82541251895915801  0.83300186933576414
  0.84046953825303072  0.84760412447713351  0.85472685651059632  0.86223501767049060
  0.87020189091455902  0.87848002810290338  0.88682037809661585  0.89512306586007306
  0.90385779526277577  0.91298130449998904  0.92291395552952860  0.93370779123618164
  0.94619763022700942  0.96178719724068618  0.98091087875827421  1.00000000000000000
 -0.00256510919919098  0.01044384770704133  0.02112512518042945  0.03127970987602093
  0.04169936499076467  0.05233276742829145  0.06286791236613107  0.07357694469338613
  0.08462180814902343  0.09591236978108425  0.10700815538462037  0.11685464737929380
  0.12633709422086312  0.13588526550847629  0.14590914646376624  0.15605603030847295
  0.16641643739309656  0.17730158542156271  0.18847921891653024  0.19917931813477252
  0.20931360840697216  0.21956103149309272  0.23005804761275933  0.24021786351404009
  0.25027101172125721  0.26046161999005080  0.27070054474932503  0.28051570139507692
  0.28990713707466514  0.29971706363821360  0.30959241603298832  0.31958225651231037
  0.32946650518777415  0.33988484170384115  0.35059724226716049  0.36129247654023794
  0.37105606085734588  0.38112888946587570  0.39120923313072770  0.40144597527970577
  0.41227423256164358  0.42333648315596162  0.43475700477242896  0.44524316863185842
  0.45565328586420428  0.46706481261247340  0.47838612273819714  0.49023414954997147
  0.50133759880362705  0.51312398320844710  0.52434785616775004  0.53580216353851151
  0.54662986848921702  0.55697067096209962  0.56702867954445213  0.57727834901204012
  0.58802975279268732  0.59873421917822212  0.60898208959788436  0.61897810901405470
  0.62880245278335900  0.63832064618848006  0.64791238973215826  0.65812102160406138
  0.66922212345648202  0.68084521460748759  0.69198558822837719  0.70262672202161669
  0.71332861427136252  0.72431077656400733  0.73604088842329640  0.74775849933128069
  0.75954889477207133  0.77131422106472347  0.78285037303795590  0.79423082488823338
  0.80486701374411718  0.81514651845233044  0.82525961474014164  0.83569095815679983
  0.84657600669975130  0.85741838298448736  0.86789482341466151  0.87789129078821759
  0.88767705913534367  0.89786275368675617  0.90848157020899378  0.91930141281670474
  0.92965955800648259  0.93988191958130718  0.94988009313266208  0.95985854393744641
  0.96902896995486032  0.97855413977106120  0.98872647497656652  1.00000000000000000
 -0.00213230428834374  0.00941525413992650  0.01969346032263880  0.03003454178016117
  0.04133138605936176  0.05345091180350411  0.06545387129173882  0.07642886164166715
  0.08750745644808601  0.09810200566891808  0.10832693658540918  0.11822539353682096
  0.12823351953895837  0.13833460912495063  0.14837538527448726  0.15796665704336205
  0.16734547510952630  0.17699655259811131  0.18678542015149857  0.19632345067293300
  0.20578340257807667  0.21571642315808223  0.22676821573492167  0.23803685872279182
  0.24866209102163569  0.25878869395369364  0.26890957600110438  0.27934982104220701
  0.28897434491480239  0.29866197279342416  0.30840064203513634  0.31911385579229873
  0.32982477596928600  0.34062196953584051  0.35115016027484885  0.36164482317879021
  0.37225542086211871  0.38306402099676429  0.39324765062066025  0.40321305748244468
  0.41288441151279237  0.42254596920614074  0.43273572699977764  0.44340843707386873
  0.45488233546475887  0.46609608133574387  0.47685810516669946  0.48776097748900482
  0.49856250401924052  0.50880232149446980  0.51902454038607027  0.52961580600621261
  0.54024918569764069  0.55022936581060633  0.55981904002336302  0.56959342001038915
  0.58039066676189055  0.59187809916788059  0.60446918825549623  0.61701702326550589
  0.62830023933778612  0.63900597661494341  0.64941534497873521  0.66023138777170598
  0.67077958340308574  0.68167088120359531  0.69241405586280280  0.70340542601413925
  0.71408365288983644  0.72464258588244046  0.73491993718669524  0.74544940384822367
  0.75637501944626673  0.76776719210337208  0.77822566236106461  0.78904512586391251
  0.79994842306672775  0.81115597149153407  0.82215701330237323  0.83300065521404087
  0.84353647929507414  0.85382989486229854  0.86443548288821515  0.87554313333913181
  0.88679408258087145  0.89730263884601102  0.90732531069850131  0.91661236077922803
  0.92569636117357301  0.93464796297003139  0.94397963429777310  0.95392720585004165
  0.96495885576735607  0.97662242622781859  0.98823405527692187  1.00000000000000000
  0.23268140573577009  0.24331868997248540  0.25008969970249634  0.25673972342224316
  0.26324926074784100  0.27018393240016092  0.27740065528588070  0.28446605143270892
  0.29120948137867980  0.29781738127048479  0.30445681220729887  0.31092157088399358
  0.31695834861078653  0.32262803685214697  0.32829479854301591  0.33416520293402324
  0.34013479028817772  0.34602747602597850  0.35162228881685287  0.35727829976370218
  0.36303944236343783  0.36884700278509230  0.37422965814435161  0.37961176044082534
  0.38465654482451062  0.39014024494159694  0.39570587673981600  0.40148281383336148
  0.40672143278505074  0.41161697541618414  0.41637953317619647  0.42117399670133715
  0.42591226182869507  0.43068431457019729  0.43549860219320047  0.44060872344424840
  0.44601612047124267  0.45143416778141970  0.45700426042261783  0.46252803232871015
  0.46790725394638155  0.47316364981617065  0.47821489032714087  0.48325946210266207
  0.48841974957705064  0.49363516946328095  0.49881653892717531  0.50380998169743485
  0.50871774758246135  0.51371241624757380  0.51867837816791507  0.52378789377995816
  0.52904950477923018  0.53440437779829975  0.53971583691250369  0.54482667524393047
  0.54987371479435476  0.55493487879863568  0.56004477059775493  0.56527770439583314
  0.57040771735210305  0.57557749030915528  0.58076036382461960  0.58586110722050511
  0.59112255334908836  0.59631775643498486  0.60179247614893783  0.60705384225370296
  0.61235864656088723  0.61770382746075914  0.62301039281966641  0.62815249295170805
  0.63318786702299645  0.63819872287554302  0.64351311504468078  0.64911232013062437
  0.65517048647923959  0.66103259301155282  0.66686235888683665  0.67253495411236852
  0.67840418973346672  0.68438046815385745  0.69046253888734543  0.69654398992073163
  0.70256398652948648  0.70849709412875983  0.71455894129909903  0.72098324602265795
  0.72770180101102511  0.73435561037265817  0.74092796646498049  0.74797813954160663
  0.75482128545119909  0.76161104231364363  0.76550765788989439  1.00000000000000000
   4.7848604834157296E-057  -1.0000000000000000     
 F F F F F F F F F F F F F F F F F F F F F F F F F F F F F F F F
  <DiscreteSampler_grid>
  grouped_processes
  1 # 1 for a reference and 2 for a running grid.
  10 # Attribute 'min_bin_probing_points' of the grid.
  1 # Attribute 'grid_mode' of the grid. 1=='default',2=='initialization'
  0.0000000000000000 # Attribute 'small_contrib_threshold' of the grid.
  0.5000000000000000 # Attribute 'damping_power' of the grid.
 # binID   n_entries weight   weight_sqr   abs_weight
    10   10   1.684080606413338E-042   1.393563723505221E-083   1.684080606413338E-042
    11   10   1.684080606413338E-042   1.393563723505221E-083   1.684080606413338E-042
  </DiscreteSampler_grid>
