  0.00518090543862103  0.02253475264630031  0.03604796311453675  0.04453428754548498
  0.05174151741972917  0.05932157354006248  0.06666147824249509  0.07388692034493891
  0.08094663054234980  0.08793718617242763  0.09500664623538749  0.10222679729203742
  0.10968489944401359  0.11713276589467964  0.12452361725621258  0.13205128116898623
  0.13965551134272539  0.14729666961346388  0.15491589833903591  0.16260858262450298
  0.17048306920748602  0.17853658913393322  0.18667318206473565  0.19492389646215963
  0.20330139623601001  0.21179006585127630  0.22037971052413380  0.22904696753220272
  0.23781232887995857  0.24669241467309344  0.25568090673301019  0.26477787169354133
  0.27400021666598684  0.28337023322298099  0.29283675313581031  0.30235362344926325
  0.31192240538647836  0.32162419386642871  0.33152371606741909  0.34159946343251962
  0.35180873794119383  0.36207478114958525  0.37241679483078283  0.38285082522434644
  0.39336013886775506  0.40396344587930433  0.41470813808866241  0.42562188593403666
  0.43665230019708856  0.44776205863108054  0.45899067725250803  0.47030712595677032
  0.48161254590945279  0.49292684706722562  0.50433588977831556  0.51588999871785379
  0.52748821113644817  0.53911260889100721  0.55080303635212580  0.56261480345695625
  0.57446100727159410  0.58624956845146248  0.59808906014304952  0.60999620546065803
  0.62201592044340925  0.63400953498131640  0.64603239842778648  0.65801679044067951
  0.66992184245339848  0.68177664889434497  0.69367939095536835  0.70566677186953830
  0.71763644774701540  0.72942963980428366  0.74118786551416194  0.75298404164601263
  0.76494015207141763  0.77663383995430102  0.78813719003002014  0.79956049773726734
  0.81097294240934348  0.82252336057027919  0.83400041105402922  0.84565935489862709
  0.85737902743335126  0.86943234429153893  0.88179746351738642  0.89453205116852630
  0.90725860301664163  0.92014608610555049  0.93308010596746693  0.94749807409096898
  0.95933943242710862  0.96592618214895853  0.97646718617773287  1.00000000000000000
 -0.00239529466231293  0.00966801833837623  0.01980349672020840  0.03034243578427096
  0.04085310576740780  0.05144275180423624  0.06186204757164408  0.07232441542078738
  0.08270893504074595  0.09333231290862112  0.10377782901698480  0.11423078403738293
  0.12444533818713008  0.13481105811092992  0.14508612193388479  0.15556461406037694
  0.16605913378583378  0.17669650528052089  0.18735233610225241  0.19817191498512374
  0.20888418685624585  0.21955023400886076  0.23013412730651162  0.24076396023119528
  0.25148417276132157  0.26207974061103395  0.27269439161809039  0.28323395181199185
  0.29380956907286593  0.30441744983940638  0.31488700137855641  0.32556353344764510
  0.33601675591673003  0.34664823221480484  0.35720898488325936  0.36784931097867962
  0.37845015131547266  0.38902534961251317  0.39975293868798334  0.41033509476294883
  0.42085877324012588  0.43139293116768418  0.44189661819388015  0.45247493707394348
  0.46298646468742422  0.47361123980130526  0.48415332842651920  0.49463843370738619
  0.50514148478588483  0.51563375593206273  0.52611174562734142  0.53654762321087590
  0.54708070064049363  0.55764357683591925  0.56825296232555367  0.57880248693628278
  0.58936229245297600  0.59991405538465903  0.61047445484169172  0.62116557210262136
  0.63171101932878437  0.64221368131928924  0.65268956340542672  0.66323012727112673
  0.67371844159412386  0.68435786338825744  0.69508534135108591  0.70589537867635022
  0.71646866583545243  0.72708835175598252  0.73764443220211617  0.74820590498315420
  0.75859178173424346  0.76910328866912026  0.77966608323855080  0.79024440206177371
  0.80074336063879148  0.81115170743111276  0.82155613352454238  0.83197364212407321
  0.84237813117997273  0.85281321489950201  0.86317445757120015  0.87363924384031488
  0.88409922662347962  0.89464182179116791  0.90523447146002356  0.91590866475879285
  0.92656506239181113  0.93717402372721148  0.94771720105145196  0.95833560271115437
  0.96878258728896915  0.97919613738849687  0.98958252609220521  1.00000000000000000
 -0.00180642776300053  0.00825969464176016  0.01734157691646258  0.02666810254935348
  0.03599088039473135  0.04534337049870119  0.05471605627666144  0.06409114004746387
  0.07345801093009878  0.08283438275590707  0.09224684893643276  0.10166592276434165
  0.11107787540559166  0.12046654282412117  0.12985511325045346  0.13923868954057808
  0.14861969039946013  0.15799200090890028  0.16738154302042696  0.17680197929816521
  0.18623448381826188  0.19566622513516627  0.20510420234449422  0.21455249363388740
  0.22401387611500656  0.23348197082006630  0.24294439585488303  0.25242358173321028
  0.26192686375558200  0.27143351276626465  0.28095065030705696  0.29047762898401991
  0.29999834880983983  0.30951594463075810  0.31902993021327031  0.32853655753433997
  0.33805648868994892  0.34759495398338719  0.35714044148137647  0.36670015298701591
  0.37626479554823666  0.38585482927150522  0.39545201964539411  0.40507362338387898
  0.41471622011446402  0.42435605754867878  0.43398427649137472  0.44360411034978781
  0.45327268739151461  0.46300104924591345  0.47278694003560057  0.48260497767995308
  0.49244554710609068  0.50231496330167347  0.51219401591815328  0.52210373624654238
  0.53203045716781683  0.54204123119274905  0.55211094710673514  0.56219173174819692
  0.57223229358070515  0.58226331127078368  0.59234082356553075  0.60248650488864774
  0.61266277700787020  0.62286845624175569  0.63317162896870482  0.64351528676674263
  0.65387120368805107  0.66420697768013226  0.67461676343529908  0.68516276353279881
  0.69584103934819641  0.70665710811712223  0.71756949093152189  0.72852371094711588
  0.73949905687937412  0.75057353300191842  0.76181492999080758  0.77321356584943335
  0.78469271571066324  0.79621710138304869  0.80791305425387960  0.81984682446451285
  0.83198281892575487  0.84421113799157033  0.85652585259020575  0.86908153286333434
  0.88205157372682041  0.89552767425197100  0.90944600567901535  0.92390141081022570
  0.93920855517379864  0.95595110763488378  0.97593158243348099  1.00000000000000000
  0.05061231697851993  0.28790080673874041  0.29743924957785506  0.30575709655414746
  0.31342180294577165  0.32040302721964087  0.32707384139451112  0.33345002602905766
  0.33954694970016686  0.34551834247771074  0.35143575507151087  0.35720579620930798
  0.36282820412938555  0.36838232102785873  0.37387001674854098  0.37925514800501131
  0.38458257884606761  0.38989560431668863  0.39517901260080518  0.40040649778696719
  0.40557671593169825  0.41071827023886121  0.41577911433332915  0.42074814204780125
  0.42566716779852415  0.43062043239336384  0.43559982209226522  0.44055825328479853
  0.44548433930600528  0.45034056251188492  0.45515345187527795  0.45993581757625651
  0.46471619223047367  0.46948777848999579  0.47422498677127745  0.47896157042275972
  0.48367904180280052  0.48845368154977692  0.49318175300347827  0.49789666920695669
  0.50255185018052717  0.50716698623876977  0.51175407487553815  0.51633815253954241
  0.52092691828175830  0.52552411056726134  0.53009026606807219  0.53465132012016436
  0.53922588785677183  0.54378893226956682  0.54835231589740097  0.55286969455848745
  0.55736172803929152  0.56182033003378173  0.56623793289759294  0.57064516257794262
  0.57509120705449168  0.57954710881014082  0.58396967362023744  0.58832878531731492
  0.59266272981118395  0.59699011456181683  0.60132493154779620  0.60565877706105542
  0.60996380117016658  0.61425322186353737  0.61850152978081063  0.62275572326551554
  0.62700224981388253  0.63121440150891173  0.63539079583197955  0.63954998419352238
  0.64373610293023553  0.64792797106102340  0.65212118708400435  0.65630323652221600
  0.66047189105153103  0.66468592817554506  0.66892545550296678  0.67320335066961645
  0.67748266315241801  0.68176608677102268  0.68609295205837995  0.69053194727316913
  0.69512314571132117  0.69969991265210374  0.70432235750041627  0.70895701864599470
  0.71387881051722091  0.71899516050703338  0.72438696101350630  0.72922822756374561
  0.73361384563523813  0.75667218865696251  0.78629612603528254  1.00000000000000000
   2.3597648101756474E-003  -1.0000000000000000     
 F F F F F F F F F F F F F F F F F F F F F F F F F F F F F F F F
  <DiscreteSampler_grid>
  grouped_processes
  1 # 1 for a reference and 2 for a running grid.
  10 # Attribute 'min_bin_probing_points' of the grid.
  1 # Attribute 'grid_mode' of the grid. 1=='default',2=='initialization'
  0.0000000000000000 # Attribute 'small_contrib_threshold' of the grid.
  0.5000000000000000 # Attribute 'damping_power' of the grid.
 # binID   n_entries weight   weight_sqr   abs_weight
    13   10   5.037404369770257E+005   2.978322211659050E+011   5.037404369770257E+005
    14   10   5.037404369770257E+005   2.978322211659049E+011   5.037404369770257E+005
    16   10   1.259804772842921E+005   1.878880350737463E+010   1.259804772842921E+005
    17   10   1.259804772842921E+005   1.878880350737463E+010   1.259804772842921E+005
  </DiscreteSampler_grid>
