  0.01091295200892587  0.01568671452980409  0.02378758833014851  0.03353248643967773
  0.04303897530293646  0.05276083994058896  0.06254177209296494  0.07241441181613176
  0.08239353859730800  0.09259383518916119  0.10275388234778621  0.11320949904562756
  0.12371105431540215  0.13453656124831803  0.14529675859558452  0.15617983604390753
  0.16710008503626766  0.17816169369467588  0.18944313719062911  0.20081042145243330
  0.21227554077466548  0.22388046465094344  0.23557292959488446  0.24739764986655938
  0.25932604948051763  0.27135884629237272  0.28347103767364629  0.29575849682175803
  0.30818509186459547  0.32070644869226178  0.33326883402348695  0.34588058573451624
  0.35852590824524766  0.37123349397048799  0.38402886488317511  0.39691370230727835
  0.40985537910864417  0.42275647084566681  0.43559533240483678  0.44845497712901966
  0.46117087436708959  0.47355762088237718  0.48582099125080647  0.49805029103264470
  0.51033738983100929  0.52269785441797989  0.53506452328575116  0.54732080366366098
  0.55943146731860804  0.57144877893569113  0.58342356147407282  0.59530830741490204
  0.60703412710053839  0.61864295477149966  0.63007648062231869  0.64142929356972322
  0.65259890526259323  0.66369212083409346  0.67460348621793598  0.68541022658491169
  0.69611184373956236  0.70678813280948027  0.71724054813324267  0.72751747583581294
  0.73756620185965649  0.74755533143207276  0.75736232101423517  0.76698575896531973
  0.77646200209469751  0.78589023358307974  0.79524648563600864  0.80449669634319609
  0.81360064760461936  0.82259583802951408  0.83154438592117708  0.84039343994721627
  0.84912894097508329  0.85775005461909559  0.86626843168906831  0.87473653638410187
  0.88308597268744737  0.89136592233487200  0.89955916417907633  0.90765585206241706
  0.91565552453171672  0.92353512084568701  0.93133274718267089  0.93905831466508238
  0.94666049047210754  0.95421461758452808  0.96167062711505646  0.96905142223218099
  0.97643059718872638  0.98348355012772837  0.98561279238694710  1.00000000000000000
 -0.00228372475743013  0.00962015026376172  0.01982033473707609  0.03019107961916941
  0.04072075001282347  0.05125475022232416  0.06181675551091845  0.07225459837851853
  0.08270050812438826  0.09319683974924495  0.10363341850503850  0.11406828433542110
  0.12463704223567461  0.13517343317139582  0.14578947493199365  0.15629057006485544
  0.16674562425381975  0.17713649082444244  0.18752000203965938  0.19806491181135208
  0.20858693162011691  0.21918913784420627  0.22974759369588005  0.24032023789217938
  0.25084093313637085  0.26144848017609601  0.27200214456001448  0.28265633767396370
  0.29335636245877278  0.30399996054259765  0.31467329791889409  0.32528642923128320
  0.33592814141985650  0.34635268311739081  0.35685015407246312  0.36739523862473306
  0.37789448708130891  0.38851359274272562  0.39914772759452732  0.40976348260896656
  0.42026196221639806  0.43083075867883708  0.44152975324572930  0.45224618969787478
  0.46295562103302207  0.47373270652930571  0.48453849024127321  0.49517659369763672
  0.50557074445177774  0.51578413653530619  0.52615601608552165  0.53658034456010917
  0.54712210242372306  0.55758148717586609  0.56808804433729432  0.57864585319183859
  0.58927331716854037  0.59987256300055181  0.61036406780473473  0.62088495134779775
  0.63139986981099561  0.64199344442618034  0.65253228297983135  0.66318736346786700
  0.67374806043079694  0.68434600327236761  0.69488091997680534  0.70547526231793112
  0.71608200308372461  0.72664682575103545  0.73715019417416849  0.74752715546111304
  0.75774193284528735  0.76793720202055327  0.77823690980906146  0.78865013708441156
  0.79911996494927007  0.80953163757929636  0.82005289245574275  0.83049599848314004
  0.84088760263779927  0.85128413497006661  0.86169203222560575  0.87220102827369794
  0.88267271811861503  0.89323370388223511  0.90381687671417232  0.91446103901480558
  0.92512084058654320  0.93583455077016209  0.94652654888556942  0.95722572625854008
  0.96789641662254744  0.97860546906911672  0.98931112585289238  1.00000000000000000
 -0.00115739370594293  0.00936464921296992  0.01883946526898994  0.02874062987311303
  0.03872760095287263  0.04862641066491430  0.05861519538993156  0.06865076917894281
  0.07873783023477061  0.08896271092912898  0.09922445915023950  0.10962156911422133
  0.11999515698579731  0.13040643345616687  0.14081403019904254  0.15129567343081479
  0.16181296448319299  0.17235579759257708  0.18284503076308425  0.19337540421472851
  0.20387261782010674  0.21429225100043381  0.22463990872578279  0.23502935324005325
  0.24542683376859878  0.25576807834268739  0.26595865408443475  0.27626864977165172
  0.28663770790056070  0.29706273246113357  0.30741766235159274  0.31772848087432631
  0.32807671079133360  0.33827876837337278  0.34851455286935795  0.35886238409850230
  0.36925431842807255  0.37968547077508902  0.39010558701210857  0.40064779174307985
  0.41119497281581402  0.42173310908814166  0.43233503961427738  0.44297067609877688
  0.45358208436684666  0.46408591717263681  0.47454537178894396  0.48506459609282632
  0.49565783188361223  0.50634433153444425  0.51697895221638135  0.52752798613678553
  0.53815302043817059  0.54871076358077564  0.55937850300781300  0.56996215094175584
  0.58055105327268708  0.59098678200729982  0.60146878048224595  0.61200037025950627
  0.62263417318990688  0.63326338298449014  0.64383827981303399  0.65424430316817250
  0.66457518749961009  0.67502524105066242  0.68558560491229170  0.69618020097837807
  0.70673965801922733  0.71758660063932078  0.72849315488932442  0.73929915168691962
  0.75003972787476059  0.76073169272987984  0.77142992419695655  0.78209951762698615
  0.79265609533162018  0.80333471991559036  0.81393106362226653  0.82453691364266579
  0.83510057480628264  0.84571937598596936  0.85642167843580952  0.86714576158376888
  0.87774821320160845  0.88828032635848875  0.89875408504403986  0.90925898358344059
  0.91986828011838506  0.93050202868540288  0.94143800770443564  0.95258314136203059
  0.96408152469448638  0.97560963191873962  0.98770115804568781  1.00000000000000000
  0.24159094733330658  0.25703962431595406  0.26619657830443150  0.27523780826955896
  0.28358662737130375  0.29178353285055969  0.29966630276653272  0.30735978327578811
  0.31487077693139370  0.32215144559687958  0.32926202577394809  0.33620352395970010
  0.34298532229206902  0.34968303238649229  0.35624160076900857  0.36260769803324355
  0.36890072560770215  0.37519254004209818  0.38134178159349907  0.38746861617732525
  0.39351131614270474  0.39937346416534097  0.40515214315089393  0.41088809710281982
  0.41660801922101603  0.42223474644676717  0.42782227818981511  0.43335795513413999
  0.43882739420677919  0.44424197778058866  0.44962912284374268  0.45500255613713753
  0.46034685839328926  0.46566428094471229  0.47097611792089594  0.47626926328315572
  0.48151162193500158  0.48669391672016121  0.49184076080833872  0.49696618286864358
  0.50206428904182776  0.50712142880061217  0.51216068078085353  0.51718459627563851
  0.52218904480834316  0.52715404081272166  0.53209773541139949  0.53702176243498834
  0.54191766611424608  0.54678970803191518  0.55163790997046269  0.55647525407647536
  0.56128326196019762  0.56605066982124752  0.57077903018395659  0.57548098674567627
  0.58019552915785566  0.58488387745980130  0.58955967021629185  0.59423796642886273
  0.59889681750607437  0.60352807296156441  0.60810896041194662  0.61266771231002604
  0.61723056952388944  0.62179255368374953  0.62633512707769923  0.63084939509941274
  0.63535593191465456  0.63986258706293353  0.64439262717321266  0.64895053670368341
  0.65348408002400826  0.65797301046304457  0.66242433592799232  0.66684972108063600
  0.67127111144342666  0.67568724268036984  0.68010475817428262  0.68453363102174081
  0.68895482821506737  0.69337056838517119  0.69777984453591657  0.70217933275469790
  0.70658279967918958  0.71098996841641826  0.71541036748253384  0.71982949302448151
  0.72422318464674862  0.72856983751040405  0.73298727080050685  0.73737864094925154
  0.74096266520721421  0.74929460628864464  0.76541535337723687  1.00000000000000000
   6.9707616460819464E-003  -1.0000000000000000     
 F F F F F F F F F F F F F F F F F F F F F F F F F F F F F F F F
  <DiscreteSampler_grid>
  grouped_processes
  1 # 1 for a reference and 2 for a running grid.
  10 # Attribute 'min_bin_probing_points' of the grid.
  1 # Attribute 'grid_mode' of the grid. 1=='default',2=='initialization'
  0.0000000000000000 # Attribute 'small_contrib_threshold' of the grid.
  0.5000000000000000 # Attribute 'damping_power' of the grid.
 # binID   n_entries weight   weight_sqr   abs_weight
    10   10   1.101087205894020E+008   2.536161160761164E+016   1.101087205894020E+008
    11   10   1.101087205894020E+008   2.536161160761164E+016   1.101087205894020E+008
  </DiscreteSampler_grid>
