  0.01259535768211919  0.01858815185352576  0.02520648473797566  0.03399074289085172
  0.04266970824856208  0.05127560121404013  0.05999863579920862  0.06896302861367637
  0.07808988459866098  0.08730684895403916  0.09660228752159784  0.10599821898070889
  0.11567428712230654  0.12565656395547103  0.13570840919218319  0.14585445570375258
  0.15610469471388180  0.16658545015062612  0.17728647669153252  0.18814096297855412
  0.19919186428361924  0.21026576014357823  0.22133817707087697  0.23242086741854578
  0.24375531320552493  0.25530444159305388  0.26705427176071966  0.27901962857524693
  0.29123459234209981  0.30357312229357897  0.31592529801581226  0.32833792816640939
  0.34089694682885108  0.35357324152124875  0.36634522036433026  0.37911760199781747
  0.39190061849711494  0.40475010531129918  0.41768470019681297  0.43069708875123630
  0.44382777472431273  0.45703093698254332  0.47019700623748806  0.48332193762907483
  0.49645089549254895  0.50961203733943650  0.52273970282410676  0.53576503070274351
  0.54861214535264913  0.56126083178229791  0.57375798345518803  0.58610594517236603
  0.59833912109514553  0.61047318990354449  0.62251742689493517  0.63443750591276582
  0.64618329104926742  0.65779723233364262  0.66921463847220619  0.68053007130379839
  0.69156853933575624  0.70253865495361822  0.71321664570255816  0.72369903531056179
  0.73410479377464544  0.74454103255755244  0.75492608341476009  0.76516998747696729
  0.77521743149274436  0.78521350009295532  0.79494480614999241  0.80450122456622353
  0.81389771226904728  0.82323559681775182  0.83250745418662653  0.84161194760697733
  0.85059171316933280  0.85944901541523544  0.86811779678974643  0.87660641728885269
  0.88492440246726556  0.89321200839095150  0.90141360667463211  0.90948806054062792
  0.91739621106137315  0.92512903810122815  0.93276883062185889  0.94030686698314070
  0.94770626608347064  0.95503186544447338  0.96229852797643900  0.96952999272432461
  0.97679239247461525  0.98384948995658128  0.98818392029642099  1.00000000000000000
 -0.00221812660687527  0.00988354261999991  0.02027728766388626  0.03084501984909930
  0.04142063376329611  0.05191687281033028  0.06254084146979358  0.07303164841930421
  0.08356400704604711  0.09406039860405602  0.10463261694871775  0.11530052410491741
  0.12585446444457124  0.13634965276282215  0.14681912831621083  0.15733194901649614
  0.16797919334667624  0.17847639210595409  0.18897987377979120  0.19945211878643943
  0.20989348736253285  0.22014863328642470  0.23044244122444857  0.24079970995091524
  0.25118646972498221  0.26153813379163360  0.27194110483802492  0.28250082531219300
  0.29301209636140430  0.30363773477122563  0.31438410164442487  0.32536006132563394
  0.33614310770428635  0.34685139286973832  0.35735921957154343  0.36788182321333579
  0.37842819984409432  0.38898121206897479  0.39963602637159212  0.41034638943783230
  0.42104162859889616  0.43150144209291003  0.44211069158899974  0.45273966379504776
  0.46348817177968188  0.47392547421408343  0.48428371324159392  0.49462884764879322
  0.50505884395463985  0.51553673407146006  0.52618052189941633  0.53673204672893571
  0.54732863172339863  0.55783622901064400  0.56845596759469619  0.57897763269503799
  0.58941722152912646  0.59976733868775811  0.61028095326058152  0.62080787355306144
  0.63122185587580149  0.64143749647342474  0.65186166901585163  0.66247109883769073
  0.67321575547562440  0.68386842630848999  0.69438463799102002  0.70479033920119671
  0.71512648326695505  0.72542257003802135  0.73580517630445985  0.74609843249945484
  0.75650084149254826  0.76689792323051731  0.77734899751215258  0.78778532316874694
  0.79823394748334864  0.80867822381153742  0.81920843529492260  0.82974987294050684
  0.84023772894059667  0.85084051030925734  0.86143024465858242  0.87227715019652108
  0.88301485638661092  0.89372696898476889  0.90430774214510068  0.91494621761071349
  0.92561367853110332  0.93616679020839455  0.94675017914692083  0.95731242365449798
  0.96791871820434783  0.97854320721961408  0.98930996434567575  1.00000000000000000
 -0.00120037757410350  0.00709351988319089  0.01484823465103075  0.02365629771234768
  0.03323579948841546  0.04316767722235881  0.05321677895795722  0.06333835164511402
  0.07373326645707830  0.08417471768748695  0.09452124737344775  0.10481849100962184
  0.11515849628826599  0.12546376440457224  0.13568235658838065  0.14587915721648106
  0.15617016487059046  0.16651500117308857  0.17685297729803634  0.18720901674980278
  0.19762850517706079  0.20809146538428980  0.21856795708008889  0.22904773725939659
  0.23952199632601748  0.25001159084919011  0.26051482269296161  0.27103518007408600
  0.28152843638510566  0.29199071910680735  0.30246749359296099  0.31295632682032909
  0.32343886021076079  0.33389115931191626  0.34431304790357942  0.35478390971864804
  0.36529016798766895  0.37577247535876729  0.38624846250338679  0.39673996634633579
  0.40727769071520570  0.41781547369790700  0.42835374703040274  0.43891401048679946
  0.44950837490823392  0.46014585357376048  0.47077247783694015  0.48129137352927348
  0.49174437229702195  0.50225026096065761  0.51282076817301259  0.52337466823737067
  0.53389847320115169  0.54444766761495011  0.55504543761920366  0.56564200508405382
  0.57616752453073816  0.58660213947801998  0.59699950704346205  0.60748348988713075
  0.61805196247424810  0.62870242914818397  0.63941587152969293  0.65021370766341169
  0.66100682554415524  0.67163565541457648  0.68214939808611263  0.69267701695682804
  0.70318209080486271  0.71368069435889958  0.72422140847920058  0.73488870275495244
  0.74567984983405355  0.75653013454504692  0.76734060121298797  0.77800761385012018
  0.78858329593116028  0.79913745658054758  0.80970000740141590  0.82016772244887748
  0.83065102889777209  0.84124913779385591  0.85192600733147605  0.86266515469540417
  0.87354384204969726  0.88462640071761245  0.89569916205887712  0.90662817351684755
  0.91751097010751603  0.92852926099641298  0.93962200810413254  0.95071785297325129
  0.96199737254721174  0.97360151137098727  0.98633537947665539  1.00000000000000000
  0.25545317841385667  0.26105773815542188  0.26873686714857797  0.27618694438241786
  0.28357482256468414  0.29069653337710066  0.29759000906589766  0.30434934698312144
  0.31094935399725554  0.31729602760934922  0.32341751222788107  0.32944294122846324
  0.33526241694675057  0.34090582043245177  0.34644647730564060  0.35194863141200422
  0.35734442025504182  0.36261478141614267  0.36782472178392517  0.37296869701623397
  0.37805643558004320  0.38306433586347505  0.38800609946823783  0.39288542976423041
  0.39766576062630909  0.40236287768456619  0.40702992377520969  0.41171341110448378
  0.41637777822318300  0.42097133937919562  0.42553116277005826  0.43009082338858484
  0.43466505588993237  0.43922070826353898  0.44375511690911174  0.44826050739270823
  0.45272024873445443  0.45715033136345173  0.46154265892212765  0.46595324111278058
  0.47037321093101397  0.47483888812944536  0.47931714700210759  0.48377124847194519
  0.48818168910859189  0.49261478153928523  0.49710808542733292  0.50163867729255418
  0.50611820245496542  0.51052490435468878  0.51489529184230398  0.51929334882709677
  0.52372153110981934  0.52819205326789609  0.53263588877867041  0.53704780878153269
  0.54144257989763711  0.54586193916018733  0.55033705343662065  0.55485292830633881
  0.55941531143706291  0.56402768991414631  0.56864262388237219  0.57325476239146256
  0.57785291171438991  0.58248647016106803  0.58719309440991385  0.59196920305650191
  0.59677632777348899  0.60157678966023109  0.60642128603710910  0.61134337848302389
  0.61631759670706421  0.62131324129301735  0.62634835379205356  0.63146686328095125
  0.63667229129741998  0.64193276358127660  0.64726901499330625  0.65273034251456397
  0.65829324464448236  0.66400684797355980  0.66991270000189129  0.67597201410133212
  0.68205906247906301  0.68828004591788206  0.69478261101860328  0.70146599185584002
  0.70836732476467990  0.71556147803357617  0.72295112638018189  0.73050314770539471
  0.73834158965595897  0.74615910531735397  0.74923248184428071  1.00000000000000000
   1.3613519935716523E-003  -1.0000000000000000     
 F F F F F F F F F F F F F F F F F F F F F F F F F F F F F F F F
  <DiscreteSampler_grid>
  grouped_processes
  1 # 1 for a reference and 2 for a running grid.
  10 # Attribute 'min_bin_probing_points' of the grid.
  1 # Attribute 'grid_mode' of the grid. 1=='default',2=='initialization'
  0.0000000000000000 # Attribute 'small_contrib_threshold' of the grid.
  0.5000000000000000 # Attribute 'damping_power' of the grid.
 # binID   n_entries weight   weight_sqr   abs_weight
    10   10   1.511381543562628E+008   3.974585905249730E+016   1.511381543562628E+008
    11   10   1.511381543562628E+008   3.974585905249730E+016   1.511381543562628E+008
  </DiscreteSampler_grid>
