  0.00839702981778050  0.02759234778170060  0.05030574045199197  0.07273899466488945
  0.09535326127004226  0.11743143631002244  0.13865412019244014  0.15917181531575927
  0.17892950718849868  0.19796773225466854  0.21638998031843204  0.23404349046901338
  0.25112018538812431  0.26759700912137829  0.28349409924817998  0.29899716445526897
  0.31420624993262747  0.32905175903482325  0.34332179515351974  0.35706634196506448
  0.37033117499615914  0.38328700223006040  0.39599789533686763  0.40851836685024773
  0.42082172304307680  0.43291140340179168  0.44464441615845912  0.45616965376337959
  0.46749642122351132  0.47867984595003182  0.48954652467962778  0.50028529960829282
  0.51079396454976322  0.52114084058470200  0.53113423656012748  0.54094994218814485
  0.55062247492366123  0.56025331479632245  0.56976257627583260  0.57916151396285176
  0.58837228277260822  0.59744849472067696  0.60638363728448963  0.61523360376466163
  0.62399833527307114  0.63266087489509304  0.64122475523905809  0.64970798312123068
  0.65806711916936989  0.66634609327961325  0.67451203085849876  0.68260646151949500
  0.69064934518500765  0.69865783201478282  0.70665132915543460  0.71457490387285660
  0.72241469253258572  0.73018211461925342  0.73788284594200282  0.74556242635532510
  0.75321097144221794  0.76079892654799208  0.76831923559005888  0.77581028082940007
  0.78329493710551357  0.79077390334250219  0.79818271263667939  0.80556436697781753
  0.81288614386227087  0.82013614895188092  0.82732458876047610  0.83447201318986819
  0.84158207569490595  0.84867562812934461  0.85576371387643557  0.86282029430973184
  0.86986808622910239  0.87688182120145886  0.88385480331791433  0.89081069686700620
  0.89775015553973425  0.90469945693721432  0.91164573397310478  0.91858087938891331
  0.92547076681016549  0.93233594427257938  0.93914025029411141  0.94589100444556429
  0.95260223432445434  0.95927240647633782  0.96592854078321366  0.97260025515896398
  0.97930133279138287  0.98597286728673195  0.99183213671487014  1.00000000000000000
 -0.00258942322116435  0.01013776668935532  0.02082576054871670  0.03153126911543299
  0.04212498489636686  0.05276544630329044  0.06334092665742670  0.07398094667753254
  0.08451553466050495  0.09507867390835260  0.10560296845385464  0.11614103663839659
  0.12650944296121860  0.13677730009909264  0.14710499162142535  0.15757726461441521
  0.16803691722840725  0.17855958757888940  0.18918956438845821  0.20004375872785252
  0.21101510842042570  0.22180608577441518  0.23232486790845555  0.24263956170513848
  0.25303911537514578  0.26377365365728250  0.27444929191110229  0.28502666916347674
  0.29544482216510431  0.30594540542493703  0.31645528700435238  0.32691416793871586
  0.33740213326307222  0.34795476453214053  0.35842904553000199  0.36897394722207372
  0.37971885374226499  0.39055002521030097  0.40121164698171113  0.41190417113262440
  0.42254206630532104  0.43327305023368085  0.44375733464051337  0.45413841706748498
  0.46435451267634431  0.47456872269518008  0.48480065819315515  0.49506759339632467
  0.50533200690622926  0.51555740923551474  0.52587679085260808  0.53625330920651060
  0.54675355730078534  0.55737519494170351  0.56802975194042193  0.57856822436384137
  0.58898487898320362  0.59937766244481172  0.60989075638713697  0.62033800991019306
  0.63082866990977704  0.64141959907243951  0.65209827362258099  0.66282776691017564
  0.67343057100920922  0.68415360917630474  0.69463061718334196  0.70513272679618044
  0.71550095113669576  0.72577944847825004  0.73622776051497707  0.74656708582272180
  0.75706007772291461  0.76754076088478063  0.77825123070303215  0.78892979960204179
  0.79951127472780292  0.80994418202951890  0.82051381460585859  0.83111631090868221
  0.84154891177556079  0.85208053656119298  0.86262267729949160  0.87309192104549027
  0.88344570225069396  0.89391445367701872  0.90477684822768645  0.91558240393084955
  0.92625965670222410  0.93683699039748236  0.94762773153002589  0.95842048567424754
  0.96883228006615041  0.97926590937915470  0.98964665349000658  1.00000000000000000
 -0.00233770913130231  0.00940109869055826  0.01939226667778582  0.02956335483000443
  0.03978372600579667  0.04999509449156776  0.06023283323459589  0.07070625700992947
  0.08093940198118012  0.09110475808844794  0.10109267352468125  0.11129194020287446
  0.12137623901134009  0.13135990903029104  0.14140835045903155  0.15171657402870853
  0.16214114272278679  0.17264465150745392  0.18323744705019296  0.19374232114174184
  0.20421166901470145  0.21483743607232156  0.22553135691630546  0.23616292705129177
  0.24663271890215277  0.25721925238436960  0.26787044717475095  0.27848300145397753
  0.28891381200336608  0.29930140442694364  0.30965749970933198  0.32012800559112536
  0.33063028607010908  0.34118730474234904  0.35175290292322398  0.36241793338735512
  0.37309277446826616  0.38367793713055109  0.39426974725509556  0.40493277941000783
  0.41561733801596035  0.42625920908065651  0.43685309079785140  0.44751802271888325
  0.45821594918816827  0.46897609489511982  0.47978580523960951  0.49044796429358334
  0.50099051917303761  0.51159004030148292  0.52231206284010789  0.53308582939060012
  0.54371781255728224  0.55420725103014878  0.56469169523093010  0.57514101907127624
  0.58558804196595848  0.59601663517203318  0.60643163861355665  0.61692820168581097
  0.62744289401624820  0.63810609493572545  0.64873781533124220  0.65963010317197868
  0.67047295987992228  0.68146985266321369  0.69224102108177843  0.70302412784224222
  0.71362527763440464  0.72426499892238494  0.73487232103113997  0.74557627724232400
  0.75634528294776093  0.76724381425799859  0.77811602439683591  0.78900562366977134
  0.79979142095635791  0.81048993129997327  0.82094771161111646  0.83153428023280362
  0.84213683366105108  0.85268057344510695  0.86333531415302478  0.87392356433099561
  0.88459540123359170  0.89547505790284176  0.90622684493548000  0.91696649138367770
  0.92735708365628367  0.93776721730249457  0.94814969542722405  0.95843021221113534
  0.96886134128964663  0.97923720356761312  0.98964470187858544  1.00000000000000000
  0.23131906245761166  0.24430637864145782  0.25219001003768260  0.26022626440664415
  0.26807891700520370  0.27566930197359729  0.28295137018609584  0.29004914800415477
  0.29686856245657134  0.30355926601471966  0.31017521387065733  0.31659087259498259
  0.32281054721732355  0.32894353749659383  0.33499333809593745  0.34089391826530807
  0.34667092744945416  0.35240202679616606  0.35807981377622072  0.36369515469995378
  0.36923533878534737  0.37471077493517890  0.38012094309878386  0.38546781234527816
  0.39076186944197561  0.39599789403743413  0.40118449939792566  0.40632370949077756
  0.41139925456628512  0.41643019839974377  0.42137579730105840  0.42633589224981217
  0.43129325155236964  0.43625777000780530  0.44113378945699599  0.44592723143630553
  0.45069104632798990  0.45547081070354384  0.46030468849974376  0.46513241686217582
  0.46993504341840042  0.47468886215112460  0.47941501605627973  0.48417591398539950
  0.48897895463217395  0.49377281938841983  0.49846583739700062  0.50315700416274112
  0.50783995301531470  0.51251822059517804  0.51720051051859972  0.52187515642694193
  0.52654766964475663  0.53123086749610715  0.53591354967643523  0.54060573705127346
  0.54533528624365801  0.55008685509963806  0.55485570681406082  0.55963324679526916
  0.56446930419124797  0.56937128991667585  0.57433544144038740  0.57930050030645741
  0.58424337875558829  0.58928746782807695  0.59433092241966134  0.59937985633294166
  0.60443015248602172  0.60961215171957084  0.61487883553097289  0.62017931997676545
  0.62550945954723514  0.63097367463287246  0.63653563318097872  0.64218564370400955
  0.64792392334543636  0.65376147374146776  0.65963683661098005  0.66550171034299699
  0.67146448907874068  0.67762655550110529  0.68391130188299820  0.69034038995557545
  0.69680829899559127  0.70337741422542643  0.71015246196303017  0.71721889616571055
  0.72445260958237800  0.73198060017005528  0.73990845271996408  0.74800621218922680
  0.75571329839631329  0.76326253556291712  0.76673057129696875  1.00000000000000000
   2.1172341503190475E-009  -1.0000000000000000     
 F F F F F F F F F F F F F F F F F F F F F F F F F F F F F F F F
  <DiscreteSampler_grid>
  grouped_processes
  1 # 1 for a reference and 2 for a running grid.
  10 # Attribute 'min_bin_probing_points' of the grid.
  1 # Attribute 'grid_mode' of the grid. 1=='default',2=='initialization'
  0.0000000000000000 # Attribute 'small_contrib_threshold' of the grid.
  0.5000000000000000 # Attribute 'damping_power' of the grid.
 # binID   n_entries weight   weight_sqr   abs_weight
    10   10   7.460570170457677E+005   9.177652316034752E+011   7.460570170457677E+005
    11   10   7.460570170457679E+005   9.177652316034752E+011   7.460570170457679E+005
  </DiscreteSampler_grid>
