  0.34738977411732069  0.40414081479478853  0.40682087209581952  0.41400311837773124
  0.41692439919588892  0.42001098017529048  0.42300762585961632  0.42536343023196255
  0.42751207039528805  0.42962601225818625  0.43181923776757042  0.43459776722007987
  0.43740817222281458  0.43983250326342405  0.44188980276995621  0.44366414472381277
  0.44533763804665843  0.44700277951543865  0.44867033639473292  0.45033178553221132
  0.45199569143030638  0.45367215957812057  0.45536184373340577  0.45705345610717690
  0.45872391968098969  0.46038027824336947  0.46201377700394236  0.46364246305466694
  0.46527554073016847  0.46691412212340916  0.46855788745854254  0.47019463914479775
  0.47182213428435021  0.47344586258914978  0.47508241269514240  0.47670697281060764
  0.47833386549678836  0.47994240269298433  0.48152451204936897  0.48309670356904888
  0.48465483166221957  0.48620157031704059  0.48774228372424305  0.48927249744887441
  0.49076318237743294  0.49221815705087330  0.49364139396581824  0.49504240101256203
  0.49643113181193810  0.49782161019008309  0.49921396020899433  0.50060852863547090
  0.50200386754037540  0.50339442766990028  0.50478741798724269  0.50618851562373091
  0.50760875242313175  0.50906345397819586  0.51054863796082839  0.51205353636231665
  0.51358325656403025  0.51513667258379714  0.51670373610119003  0.51830308331111796
  0.51992508558154515  0.52157017071530543  0.52323961964490862  0.52493660011842769
  0.52661316545843206  0.52827840185137531  0.52994190159692955  0.53160957812375165
  0.53328054770444600  0.53516428564381413  0.53723025493847065  0.53931201924026773
  0.54125783178631304  0.54311742248412354  0.54504245829384657  0.54681563895876473
  0.54855049429519231  0.55026959600668512  0.55199287333434932  0.55381534424149248
  0.55556647274814819  0.55787129634678989  0.56244945928437096  0.56694458366239142
  0.57093158833106228  0.57341402626925697  0.57478735017607407  0.57739819816737170
  0.59046239124863331  0.60352658432989503  0.72152996016696969  1.00000000000000000
 -0.00230642919691932  0.01091016907385504  0.02087601084022992  0.03131461704063751
  0.04162348223631804  0.05190205055799001  0.06217970938819946  0.07257433928173396
  0.08282406220591851  0.09322207807033794  0.10361399332358148  0.11413311986024645
  0.12466690216904053  0.13521839385545723  0.14591615962611007  0.15644988749358174
  0.16702626003360646  0.17745957400299298  0.18793795456608534  0.19845296341516250
  0.20898250156801279  0.21965165994061103  0.23034628403760252  0.24098233959672288
  0.25150282153563136  0.26215442288458468  0.27281624313458042  0.28337231807094765
  0.29381821367624378  0.30452746756616039  0.31514449979955317  0.32571409329914330
  0.33620186488701914  0.34694196365533164  0.35770001311539457  0.36830417178894498
  0.37893020144326239  0.38919645607624204  0.39941274821462502  0.40954968759524812
  0.42004744051933562  0.43068565030427203  0.44126259684799407  0.45193964519076685
  0.46266810796996233  0.47342788510015088  0.48411844421163053  0.49469570233711396
  0.50518952029154340  0.51566533302813200  0.52605662332648095  0.53643180984439476
  0.54685890568165285  0.55734755828184068  0.56781911438789689  0.57834994386705574
  0.58893396354722771  0.59968704557578201  0.61024707098035058  0.62070572282008907
  0.63111157957099939  0.64148814169926072  0.65193318180343662  0.66235453870702221
  0.67291533171841855  0.68354041984883251  0.69427907943137834  0.70506158900365001
  0.71587977437047379  0.72671095572674771  0.73735585513411883  0.74790345961294269
  0.75831886517826763  0.76877849300492751  0.77922255101281168  0.78962515595497595
  0.80010470084463725  0.81062114419960285  0.82124513235649232  0.83185879669708729
  0.84240856264168995  0.85293345632624995  0.86348432854060542  0.87404640591885219
  0.88464083549369499  0.89531481488170550  0.90594304489361366  0.91665563115351489
  0.92708626599057864  0.93771634207738519  0.94803407809211371  0.95844399561772653
  0.96879252976176500  0.97916827654158800  0.98958459097847173  1.00000000000000000
  0.50128706827650893  0.50705222454220933  0.51392214472582565  0.52066801203701418
  0.52733322480657729  0.53393879048344806  0.54056446722737206  0.54717589498548169
  0.55368338332950839  0.56009306232810419  0.56650956677600184  0.57293812031585079
  0.57942004226958355  0.58580814570422990  0.59209319607840616  0.59819103836060417
  0.60424243885408790  0.61026334582254904  0.61634875114190912  0.62237583504353144
  0.62845458905611062  0.63444178671292228  0.64034708283502306  0.64605788564564270
  0.65168339941707765  0.65729849539798968  0.66293116281931830  0.66856298151955440
  0.67413334281993365  0.67974605694545853  0.68527603887735333  0.69080265965757337
  0.69623120752331746  0.70166520134949451  0.70704953022525174  0.71238038482939769
  0.71765670799285497  0.72290800650347542  0.72808844423240704  0.73321442525653058
  0.73827847917742573  0.74336583109304033  0.74845086911812797  0.75348684521435561
  0.75843640988005412  0.76333992428200792  0.76820630117382982  0.77307437133150847
  0.77787037460296315  0.78265084610457647  0.78739624239762829  0.79216445217767506
  0.79692534213330846  0.80169767303470352  0.80640238080223969  0.81107939302853616
  0.81567945343612480  0.82026779600790845  0.82485567271613436  0.82943074543996309
  0.83397452481554146  0.83846582417689230  0.84292473020910685  0.84735072348368634
  0.85176324254948288  0.85617283518858700  0.86060013048883022  0.86502746416909881
  0.86943923594616535  0.87384644899328945  0.87825256562450837  0.88265130832904293
  0.88703549225706813  0.89141450811195289  0.89579719072417263  0.90017527562543487
  0.90453097620749112  0.90888928552636528  0.91326194819043649  0.91767430434779662
  0.92215813449517436  0.92667649390835338  0.93125366098913764  0.93581655114832951
  0.94052882705085050  0.94529239676950938  0.95015033203083643  0.95502515249391862
  0.96007159500196160  0.96529045090307453  0.97063132225094262  0.97609321324152964
  0.98181426685516393  0.98777286374408457  0.99386293277159654  1.00000000000000000
  0.30688906239738140  0.30913247307057085  0.31246493315665302  0.31675051773994739
  0.32148555810018925  0.32616744039629730  0.33072532441645353  0.33518188811405120
  0.33959530902767571  0.34404551205199019  0.34854581366791393  0.35299931932429829
  0.35738224151599995  0.36171133976779818  0.36601775396323766  0.37032193064497454
  0.37461668036979201  0.37888761336425369  0.38312800194067875  0.38735308079906206
  0.39157195405067324  0.39576478974695750  0.39993465481789719  0.40408258633465832
  0.40822097973294802  0.41236565963033389  0.41650672691098023  0.42065193415682611
  0.42477512967347991  0.42887943573802290  0.43297410943777248  0.43705424194754039
  0.44110545945520041  0.44513494912776252  0.44917337504378413  0.45320998085903386
  0.45723478907974868  0.46126602215473222  0.46527402102740345  0.46928372259818907
  0.47327019084992900  0.47724182948506083  0.48121800917995722  0.48519520584194659
  0.48918964564760398  0.49318960654576915  0.49718509746846246  0.50119152990860172
  0.50521817661317325  0.50925733643044668  0.51329399179422974  0.51732478072335986
  0.52134937192800201  0.52538020616136227  0.52941530894858957  0.53343629791010916
  0.53744054684833620  0.54142994633898789  0.54540413559135859  0.54937183653749511
  0.55334162899737072  0.55731588727172154  0.56130851921463720  0.56532592503654011
  0.56935202068659219  0.57338472471280222  0.57742324848443849  0.58147301966402742
  0.58554624506700814  0.58964283209295110  0.59374524142948892  0.59785813829023715
  0.60198579138580144  0.60613710634456985  0.61036168884298114  0.61461047814631475
  0.61886793444145927  0.62309809869135957  0.62737762908232730  0.63169822422887489
  0.63606932530043403  0.64046049886998924  0.64485506862512776  0.64933889860207838
  0.65385106261891446  0.65840094879817623  0.66300189456927761  0.66765389171890588
  0.67236064205377388  0.67707506663446992  0.68184223553000178  0.68662616362031592
  0.68930652623874422  0.69182820833507264  0.69291791043877393  1.00000000000000000
   3.7645048075924057E-009  -1.0000000000000000     
 F F F F F F F F F F F F F F F F F F F F F F F F F F F F F F F F
  <DiscreteSampler_grid>
  grouped_processes
  1 # 1 for a reference and 2 for a running grid.
  10 # Attribute 'min_bin_probing_points' of the grid.
  1 # Attribute 'grid_mode' of the grid. 1=='default',2=='initialization'
  0.0000000000000000 # Attribute 'small_contrib_threshold' of the grid.
  0.5000000000000000 # Attribute 'damping_power' of the grid.
 # binID   n_entries weight   weight_sqr   abs_weight
    10   10   2.535979352211143E+005   1.392779362037374E+011   2.535979352211143E+005
    11   10   2.535979352211143E+005   1.392779362037374E+011   2.535979352211143E+005
  </DiscreteSampler_grid>
