  0.38547127869177417  0.39000743813722832  0.39232733654640378  0.39460385929564745
  0.39695356236229312  0.40810543267436750  0.41359492642964607  0.41666287408876057
  0.41929858205759774  0.42171887797042545  0.42412233451090187  0.42670696858360035
  0.42937204763582437  0.43204109201799251  0.43480166584794272  0.43726687360683214
  0.43957172240996484  0.44181992674654841  0.44428924147378224  0.44671473020152430
  0.44914510564334120  0.45146207661902354  0.45364350628408251  0.45585088770849158
  0.45803939864900228  0.46019864084673645  0.46232230915328126  0.46448537183054245
  0.46664778808710194  0.46879892289354680  0.47092759486805030  0.47304994673787365
  0.47518422573181068  0.47732732766362335  0.47944157179599700  0.48152459881477899
  0.48357660945728859  0.48560591169680273  0.48760712005928269  0.48958518246413507
  0.49153646240568150  0.49345606130246533  0.49534721201615017  0.49721422156818101
  0.49905765102193594  0.50089005316602242  0.50272543185381491  0.50458386981616343
  0.50647219744113336  0.50838738458937238  0.51034820681138238  0.51235488029408405
  0.51438922331987325  0.51644662631036731  0.51851391289464110  0.52059556266888862
  0.52272729998430700  0.52488106671960466  0.52703164788908208  0.52918278154602227
  0.53133236911441217  0.53348316870704549  0.53564363213645960  0.53781562028509533
  0.54000433064609510  0.54220977607688281  0.54447676458390315  0.54674165192976820
  0.54900229240757747  0.55128106250037390  0.55357247021972933  0.55585900518926257
  0.55811272616741670  0.56048701691924319  0.56307401584479944  0.56582277476086973
  0.56858609125456794  0.57112343741620286  0.57365846703052259  0.57625359573075829
  0.57908781836513146  0.58166421868797136  0.58496623546851390  0.58681448121885682
  0.58843089070653576  0.59971463330554031  0.63083530674445154  0.66195598018336277
  0.66944716147862027  0.67080548948662388  0.67293793975164617  0.67696555085313059
  0.68004781176552387  0.68693506280105399  0.70125318122721425  1.00000000000000000
 -0.00272562381907966  0.00985742669562285  0.02067083342915017  0.03152631533909663
  0.04247584085279266  0.05352103448884044  0.06451195931093338  0.07534057370526429
  0.08602070004433413  0.09654656944631976  0.10702630089148832  0.11728824660141531
  0.12750931869943224  0.13776788127420964  0.14815921277193136  0.15875232223037863
  0.16920697700500359  0.17964266571047086  0.19016477546695548  0.20079560013870770
  0.21136821509158188  0.22187847762256582  0.23241881923431401  0.24308943187391271
  0.25368692572816515  0.26417500114080356  0.27461480929614140  0.28475858650422831
  0.29541640526465679  0.30652913933422155  0.31791259964187524  0.32945305846340145
  0.34097673745011764  0.35228324183672111  0.36304850562654450  0.37367894920586314
  0.38438589974852877  0.39504796283081761  0.40560976004830362  0.41620774461705101
  0.42678803921026642  0.43734405874134119  0.44764535004531070  0.45792210044368914
  0.46831088878977695  0.47876836203161777  0.48924404401426125  0.49971999672819989
  0.51028200662793632  0.52078108573721849  0.53122121227917074  0.54160901151076624
  0.55197684624316534  0.56234386568174777  0.57264374055042966  0.58288236870078169
  0.59311118792556372  0.60342197050170310  0.61383715170307496  0.62426329822794391
  0.63467066894982005  0.64506076822929370  0.65542300212207960  0.66578945111890298
  0.67636306088531895  0.68687732976459015  0.69685143813194916  0.70675385925281753
  0.71658943478023829  0.72695774085391252  0.73746473071423380  0.74801811431253640
  0.75862941754443192  0.76923858369095954  0.77999200215838216  0.79087939587049361
  0.80171065151657683  0.81255429012559666  0.82322028939410175  0.83385145517479609
  0.84438984866590561  0.85475854459259637  0.86511867647793528  0.87548707288888150
  0.88597944411713858  0.89657532013840557  0.90695409169597652  0.91729458879547698
  0.92755899757858273  0.93795558669995061  0.94822476178138970  0.95819078141452430
  0.96865325902826505  0.97900152075683178  0.98956657260390524  1.00000000000000000
  0.89464784233601635  0.89606198030197037  0.89707606241722704  0.89781874481153301
  0.89879103268087945  0.89975713334815033  0.90073279551028163  0.90171616042191871
  0.90269567920192140  0.90366165932575271  0.90461453634436084  0.90557761454543062
  0.90655789565113809  0.90753741314121394  0.90850898857640972  0.90947721471064769
  0.91044744732454308  0.91142713586718405  0.91240110384774442  0.91337398521787261
  0.91434712747822477  0.91532877501512766  0.91631754309092905  0.91730504631534882
  0.91829746881263719  0.91930122323138308  0.92031498648023446  0.92132903521279941
  0.92233756998039373  0.92335153217341270  0.92437380958268378  0.92539376374537707
  0.92640562129501980  0.92741429704422684  0.92843095994955949  0.92944939198271692
  0.93046768257192902  0.93148268442104787  0.93250448111408935  0.93353506377528039
  0.93457681554186722  0.93562137324883710  0.93665294272907484  0.93768027729968739
  0.93871843430540314  0.93976899648545131  0.94081943953851510  0.94187298095491956
  0.94293445353983318  0.94399808871787028  0.94506414613231104  0.94612929737566531
  0.94719427328133821  0.94826264088713219  0.94933161641091324  0.95040716387558399
  0.95148286399994197  0.95256568596891078  0.95365458226670408  0.95475097238161521
  0.95584915466307108  0.95694834521139105  0.95805777102460354  0.95919975082962339
  0.96036546943390477  0.96152766930552258  0.96269410019506241  0.96386389494528812
  0.96503958598537631  0.96621782884039753  0.96740155259477623  0.96859573477905225
  0.96980036753381349  0.97101387651846516  0.97223306067566262  0.97345968530064519
  0.97469400217291469  0.97593582663478040  0.97718461146780022  0.97843210545202230
  0.97969833095445003  0.98099158664843567  0.98229725326669304  0.98360480338713840
  0.98491812940523715  0.98624677596572585  0.98758954193189741  0.98895000669356858
  0.99032610195573556  0.99171145781031744  0.99309816474956858  0.99448864774754331
  0.99588178426841145  0.99727838194931417  0.99864705435620726  1.00000000000000000
  0.30700075335750193  0.30903631465370485  0.31151657790219323  0.31548373430677951
  0.32040713238013929  0.32526598175820259  0.33008276192810942  0.33481749673752176
  0.33949971906237020  0.34415079338411791  0.34880066944826760  0.35345841832478825
  0.35808087100287528  0.36271459267420558  0.36731760459354212  0.37191501003100047
  0.37648173027430742  0.38104016682744735  0.38557350853398936  0.39007383363942394
  0.39454458782318791  0.39897387687039620  0.40339500146871748  0.40781280174455370
  0.41216108169753490  0.41647485788222821  0.42077586383380389  0.42513114070452479
  0.42952771867596562  0.43395279032569029  0.43838351702023998  0.44278115002608609
  0.44712873186422364  0.45143804605121907  0.45573141697202013  0.46002481711491788
  0.46431851923814643  0.46859349213640722  0.47286108860866710  0.47711658369373960
  0.48139123741274747  0.48563775744353055  0.48985427468760107  0.49408596173384406
  0.49834506812259927  0.50261995319840924  0.50688606266131309  0.51115250125526501
  0.51542487535902637  0.51969700994284318  0.52395321801862016  0.52819437776023348
  0.53241912379517708  0.53661183253585987  0.54077595426074732  0.54491034887310219
  0.54902507780125387  0.55316250109720999  0.55729626378942043  0.56141774188714977
  0.56552961230562937  0.56964140480482572  0.57373563177562870  0.57782123637103489
  0.58190353220416013  0.58598675233527975  0.59006778125025416  0.59413350632957684
  0.59819478252190061  0.60226625670548384  0.60634749158826073  0.61041445616363998
  0.61448763513519078  0.61855324830751657  0.62259626891070907  0.62661154655679008
  0.63057530905665782  0.63428560804347778  0.63795670621317913  0.64163034759454018
  0.64543746012583059  0.64935492732895106  0.65324246351210336  0.65710945197108694
  0.66097360263008942  0.66483547484766436  0.66870379602344765  0.67255618623928726
  0.67640022541402489  0.68022954797398327  0.68411180746002254  0.68769095614521536
  0.68959291474436668  0.69165335119430371  0.69300417244217460  1.00000000000000000
   3.2661216854899414E-009  -1.0000000000000000     
 F F F F F F F F F F F F F F F F F F F F F F F F F F F F F F F F
  <DiscreteSampler_grid>
  grouped_processes
  1 # 1 for a reference and 2 for a running grid.
  10 # Attribute 'min_bin_probing_points' of the grid.
  1 # Attribute 'grid_mode' of the grid. 1=='default',2=='initialization'
  0.0000000000000000 # Attribute 'small_contrib_threshold' of the grid.
  0.5000000000000000 # Attribute 'damping_power' of the grid.
 # binID   n_entries weight   weight_sqr   abs_weight
    10   10   2.972979470957375E+004   2.554746461693951E+009   2.972979470957375E+004
    11   10   2.972979470957375E+004   2.554746461693951E+009   2.972979470957375E+004
  </DiscreteSampler_grid>
