  0.01496371780425400  0.02032919442807632  0.02825315247885354  0.03820222210625070
  0.04778059809694266  0.05743489769640629  0.06733336214409566  0.07737873786056172
  0.08746849216891049  0.09776777315150713  0.10817272910920656  0.11873376150039129
  0.12941338400349789  0.14024454179316734  0.15123779968867643  0.16226681306577356
  0.17341856511424869  0.18470481538097613  0.19599388987254066  0.20736747232940891
  0.21885420299096675  0.23051573805472192  0.24222653059265462  0.25393792076518407
  0.26579297938256585  0.27793559016499197  0.29030440401651619  0.30269137625895809
  0.31505069314367951  0.32743800431590242  0.33987188868566259  0.35228847603431274
  0.36463013142602763  0.37711751012956174  0.38971593101117463  0.40222057811348477
  0.41465671718119701  0.42732092976693514  0.44008096911744632  0.45271501778695139
  0.46525730715968716  0.47774224107518859  0.49010656256765550  0.50238250344527424
  0.51456976078344996  0.52672067211489160  0.53888971960843302  0.55106769977110981
  0.56317480510773787  0.57513607432516400  0.58701537836390283  0.59889069841751941
  0.61063353866094261  0.62216101760196518  0.63347897821791188  0.64462775595976407
  0.65568783663739716  0.66663716862263400  0.67744400158834406  0.68810515680564721
  0.69873403769040399  0.70929414562235238  0.71965858162687124  0.72986077081396605
  0.73996062075045999  0.74992826028544357  0.75965137490346357  0.76922869621307421
  0.77876141458050885  0.78828992297944656  0.79772025605433983  0.80702951096564945
  0.81621202727018305  0.82526159141437272  0.83421592622932006  0.84304165651999763
  0.85174508048392927  0.86026533073886313  0.86861939861136872  0.87684681947928378
  0.88496065465833462  0.89304028511453704  0.90107826355538878  0.90902811845491716
  0.91687075617133429  0.92461253721071823  0.93230947385039042  0.93997653636210154
  0.94757882496020873  0.95512217455056758  0.96255076706931419  0.96985975878195552
  0.97711452591080583  0.98402215782384261  0.98830342665664317  1.00000000000000000
 -0.00215348077188979  0.01025727973805873  0.02059101387831498  0.03121850194067020
  0.04165410539752790  0.05221743173601062  0.06263314670736010  0.07327961441759361
  0.08387407042795657  0.09462742405014392  0.10543246908224416  0.11611505928167329
  0.12691583236518975  0.13738846075015071  0.14786835864424214  0.15811683488961115
  0.16852605279034513  0.17897598829331735  0.18931793707446889  0.19977908742282721
  0.21025019126536862  0.22112341985706663  0.23187930026951972  0.24265692648269169
  0.25330284736525055  0.26403904029356323  0.27473019337436017  0.28548980975270721
  0.29617339129203019  0.30676631810197136  0.31719636485375646  0.32757030063899611
  0.33813172938182473  0.34873068832626186  0.35938882902285663  0.36996732320440667
  0.38060388895378844  0.39110442193991513  0.40170908752321871  0.41220247643960284
  0.42275032158936443  0.43320309630347192  0.44372707561016217  0.45436199500713809
  0.46502279688926501  0.47567552122228435  0.48627164998723504  0.49686150512778354
  0.50739247672336807  0.51799947353286124  0.52839163094290387  0.53873450120131539
  0.54916253293499295  0.55968461856094642  0.57019163237436077  0.58053480004083025
  0.59094327551920722  0.60124035346956051  0.61156486362683071  0.62182222950896604
  0.63216749238812830  0.64244886318450733  0.65280700420949256  0.66323028545250728
  0.67376003689282826  0.68414776078732242  0.69467855512348753  0.70519344074304735
  0.71585647033014010  0.72646050288437169  0.73712495696848679  0.74771507371089285
  0.75817969819361741  0.76861840225295619  0.77912831706422991  0.78968143502761989
  0.80040386835260624  0.81106585004947740  0.82166269346279341  0.83218085754796178
  0.84267830512419561  0.85317148661493702  0.86356961660486309  0.87399158104797170
  0.88447644107093648  0.89503743766890065  0.90554228136615222  0.91602872553211956
  0.92655763491157239  0.93710160189735925  0.94761345131119512  0.95806257175211729
  0.96861707007389353  0.97914650389633018  0.98959164947637823  1.00000000000000000
 -0.00152963786126032  0.00843201757492238  0.01744285329855682  0.02696098390389501
  0.03667781659866037  0.04658928657558840  0.05668419344465048  0.06674927216455441
  0.07688250365977610  0.08706921243327381  0.09740790746808040  0.10782606389523300
  0.11828597525095848  0.12870045159002239  0.13916552709339833  0.14961264584155792
  0.16007824831014753  0.17041940125798472  0.18065699120394982  0.19088702505939625
  0.20110627626815800  0.21138349981323487  0.22166301675265296  0.23206067847607062
  0.24253340263534581  0.25309644193596714  0.26361234003428402  0.27412014600410778
  0.28461887241549377  0.29515099950461032  0.30570310518678262  0.31626843323057052
  0.32683479195582549  0.33741782747568250  0.34801407277518970  0.35868062050801575
  0.36927807724653744  0.37981473195915066  0.39035091199368954  0.40091420114073989
  0.41150483283257228  0.42201688503208118  0.43248943263040518  0.44290692542001603
  0.45325477038479473  0.46367879694602948  0.47415307275090457  0.48466864579153407
  0.49513478829594659  0.50565392530516984  0.51628925855632657  0.52688890952074852
  0.53744835994463713  0.54796448273699516  0.55854312578911591  0.56915777784401000
  0.57986563551295889  0.59057374902562554  0.60124790396938210  0.61178159236171947
  0.62232964247773115  0.63288346493032899  0.64347988801778244  0.65408689836478784
  0.66471564897157021  0.67534231710679549  0.68599168377470476  0.69657870620292195
  0.70718727149738780  0.71783075209381886  0.72850117074340393  0.73922384603561531
  0.74992984568522936  0.76066468362787065  0.77132648652585367  0.78190162196858559
  0.79252145777632732  0.80310406898622355  0.81370587062957889  0.82424863379722380
  0.83490706579684915  0.84562156564730229  0.85641033752294404  0.86713945416052729
  0.87784335927804624  0.88857047345119855  0.89929891634514858  0.91006513339060369
  0.92079998859430479  0.93138220807806782  0.94198146688047990  0.95244193594868487
  0.96338598855386826  0.97473242143300920  0.98710315184214970  1.00000000000000000
  0.21219289134780353  0.26723907975022387  0.27614527037893050  0.28439722773175119
  0.29247216538627469  0.30027167094615820  0.30790026106091045  0.31532177705383080
  0.32245813192846867  0.32946535092589718  0.33628236203129458  0.34291110588683515
  0.34948023726529792  0.35593554265740562  0.36224890498908535  0.36849673970437707
  0.37468720925374210  0.38078104953462155  0.38680151855683337  0.39274756058783722
  0.39859456062507925  0.40436258911670198  0.41010204399256545  0.41579169544906058
  0.42140557021999597  0.42698582799715395  0.43257602198305800  0.43814465580338130
  0.44364553650626459  0.44908921346759556  0.45447637374180616  0.45979952615723968
  0.46507495884418354  0.47032771333584039  0.47555137933511560  0.48073385265836099
  0.48588898552011389  0.49104112482022655  0.49617951874480948  0.50130470234775837
  0.50638701143460541  0.51143242941338485  0.51646478170625687  0.52147753669630281
  0.52646981648718438  0.53143081354234922  0.53640074816686234  0.54134047444603073
  0.54616808153697960  0.55088621084793832  0.55561041096079111  0.56035846654159582
  0.56511317883867063  0.56979659764297852  0.57442120521284168  0.57903972960281658
  0.58364158554595646  0.58825590446096032  0.59285571456853736  0.59743056298461905
  0.60197448775749951  0.60649583180572497  0.61099424510400890  0.61546426220945971
  0.61990073406737023  0.62432032760960465  0.62873977826328353  0.63317989382232265
  0.63764035331447588  0.64208192472504577  0.64651130407799406  0.65089544058804616
  0.65526964947107502  0.65964609072563207  0.66401392289203953  0.66840464913578423
  0.67279086327153770  0.67715227536249112  0.68149293628935037  0.68580018327387671
  0.69014208959098977  0.69449089072357262  0.69883298206963418  0.70317320977878417
  0.70751306361749777  0.71185593410049053  0.71620818808885534  0.72057039276812695
  0.72493092668511760  0.72924346493880987  0.73345772208593296  0.73763168958568193
  0.74186516114900536  0.74634325241705346  0.74801521638955781  1.00000000000000000
   7.0179488804696759E-003  -1.0000000000000000     
 F F F F F F F F F F F F F F F F F F F F F F F F F F F F F F F F
  <DiscreteSampler_grid>
  grouped_processes
  1 # 1 for a reference and 2 for a running grid.
  10 # Attribute 'min_bin_probing_points' of the grid.
  1 # Attribute 'grid_mode' of the grid. 1=='default',2=='initialization'
  0.0000000000000000 # Attribute 'small_contrib_threshold' of the grid.
  0.5000000000000000 # Attribute 'damping_power' of the grid.
 # binID   n_entries weight   weight_sqr   abs_weight
    10   10   1.963587852592643E+008   5.962093469685816E+016   1.963587852592643E+008
    11   10   1.963587852592643E+008   5.962093469685816E+016   1.963587852592643E+008
  </DiscreteSampler_grid>
