  0.01215067717410947  0.05454895642702007  0.08550777831941313  0.11120174060515171
  0.13160432478459103  0.14892835359424350  0.16508463496217546  0.18051429453749168
  0.19469129590380521  0.20812894545134150  0.22177121113056419  0.23584701151648368
  0.24996162706096786  0.26360757506742583  0.27583826522668908  0.28751400729135185
  0.29912274822807416  0.31090634972667286  0.32219621695144457  0.33307889276488678
  0.34350147003245990  0.35369022756443697  0.36392812926096174  0.37448676926163366
  0.38475550552615456  0.39487550834511503  0.40494645374999649  0.41517708548575794
  0.42502956697985522  0.43440699486568096  0.44372596829948685  0.45301665202358987
  0.46241010980989961  0.47155738163860111  0.48070384291090146  0.48977268316933092
  0.49897498313898236  0.50822683721405193  0.51687989377293975  0.52547458209269426
  0.53402990820857521  0.54224333835196348  0.55012001125045829  0.55795736355786951
  0.56586998046872039  0.57361589248682110  0.58104266742505062  0.58782578412260300
  0.59460547712126233  0.60183103469335753  0.60941674973843274  0.61727582001124492
  0.62511710212242555  0.63285518775676697  0.64050994304537534  0.64806702424472329
  0.65566930702374537  0.66339649892792096  0.67082678308368338  0.67779338497443720
  0.68473277584953984  0.69162947125015861  0.69897899529116170  0.70609596196779245
  0.71302712342348629  0.71957670029345033  0.72585619995855832  0.73224713367091399
  0.73877854167729184  0.74543060618547707  0.75202856098241011  0.75843963188829167
  0.76475126147971817  0.77123986920535381  0.77812344569725711  0.78516281856262504
  0.79219405118549735  0.79946683108879135  0.80650227664657270  0.81369251669632292
  0.82088546864158796  0.82820182834149070  0.83615991041755500  0.84446207089467262
  0.85302327615294016  0.86185136631813908  0.87062189155978120  0.87963589082662419
  0.88890209257618713  0.89862605589240696  0.90950259523491672  0.92256234760071354
  0.93811663052895267  0.95499864117147748  0.97463615282796812  1.00000000000000000
 -0.00227296766971739  0.01030104456909548  0.02062924497056214  0.03135645780480646
  0.04231759453564872  0.05280218726306554  0.06352269833046947  0.07402407767710162
  0.08466350995921716  0.09463037149289114  0.10456290503242170  0.11408065663921027
  0.12358251200626205  0.13347002466670324  0.14370216185094045  0.15447362419818256
  0.16504832832174365  0.17546888750999171  0.18590105627662493  0.19632574072268585
  0.20710870510816751  0.21797734043529618  0.22901139768209602  0.24040994932714382
  0.25279909881532553  0.26607869845543108  0.27927803733556084  0.29173504822712543
  0.30333363424151416  0.31419103096017176  0.32390804563221692  0.33272573541334555
  0.34103863588099570  0.34949502247570641  0.35870173287838353  0.36873324601446189
  0.37898319715106088  0.38908185092782016  0.39903096942472022  0.40892329207512246
  0.41923427087097764  0.42963326910184763  0.44015518761320571  0.45080938215335215
  0.46191913615100966  0.47322194580987409  0.48449876361545685  0.49588512944730362
  0.50705407917196166  0.51774552056415957  0.52811952455678912  0.53870050721358009
  0.54930929912308490  0.55959589387445663  0.56975410705046647  0.58001694812133930
  0.59027894588672636  0.60039261107149111  0.61037030262170311  0.62070986997130939
  0.63165973311522639  0.64263152413515201  0.65318543298300069  0.66329626319230839
  0.67351069621282811  0.68406988228931265  0.69480583870636103  0.70557409233549895
  0.71623911938416651  0.72697237502170631  0.73843252447813146  0.75061023603980781
  0.76266243964540559  0.77422898349649361  0.78585333266948409  0.79626478621823982
  0.80603602385782036  0.81526998614380974  0.82496514647018826  0.83443223786167109
  0.84404501033491441  0.85348161641764964  0.86335967186377127  0.87347027453998594
  0.88358762732386464  0.89368957803092497  0.90329520516429296  0.91267019905307700
  0.92257451068339702  0.93308682483876371  0.94396783318429367  0.95519307697390143
  0.96641955063571194  0.97761221615036109  0.98860097392645541  1.00000000000000000
 -0.00218186847131351  0.00994503455230349  0.02037364749344984  0.03158473249208828
  0.04281831902310692  0.05405211880856349  0.06454026783831288  0.07460928251822180
  0.08456729282693966  0.09491443066947564  0.10606256897094617  0.11695905362019082
  0.12804869682444323  0.13853800017606827  0.14922114678230405  0.15975733166793718
  0.17097510899525145  0.18234298083712963  0.19341778562263420  0.20361848083537237
  0.21356638287623350  0.22327286795929735  0.23293600949441656  0.24274588943030723
  0.25327075673281857  0.26422977960550526  0.27509261280870578  0.28590273704976543
  0.29723346108899246  0.30906500206421772  0.32094834920758614  0.33250755435675650
  0.34391919208105515  0.35522017360739117  0.36685537056301620  0.37739023642507163
  0.38743318684852740  0.39665796978102763  0.40661147291129951  0.41641885529857486
  0.42645187036983084  0.43599268401815522  0.44529043161114951  0.45466638320718022
  0.46439274127617597  0.47400191608265030  0.48358519952165113  0.49372631856319116
  0.50434566416217574  0.51497144545002294  0.52525128672773258  0.53545958649733316
  0.54537686582865630  0.55504089482188324  0.56493420921218696  0.57489143808201904
  0.58478168297914490  0.59497635877125776  0.60519718819165680  0.61608521390354087
  0.62712536855729528  0.63735741871935225  0.64752122490805808  0.65739041100066531
  0.66784134007105489  0.67884216670088449  0.68948489111894706  0.70022572502537772
  0.71079640481067108  0.72148452529046747  0.73220974864610067  0.74294270310291888
  0.75404833772411994  0.76481202289728889  0.77567720246163596  0.78665265006861163
  0.79781363325597854  0.80972884304917547  0.82134274142647790  0.83261662258789171
  0.84253133512814593  0.85283266564695259  0.86393916777966462  0.87419205466695082
  0.88378405196297849  0.89316326470550877  0.90380437654442569  0.91488644593056334
  0.92597254349131997  0.93687799947771666  0.94784945273451193  0.95866441602349262
  0.96861985123751004  0.97919015253723307  0.98952705942642694  1.00000000000000000
  0.23387560360040463  0.24324809171258097  0.25338437759740046  0.26245466705345033
  0.27133576684198896  0.27957457964786919  0.28786186514489709  0.29611200679206018
  0.30421550691280363  0.31210938781685243  0.31975506379898433  0.32705336259807932
  0.33386883746800350  0.34043431331786156  0.34703207839553907  0.35404864211654913
  0.36119526213602599  0.36822251654027099  0.37510629377204557  0.38191311058117733
  0.38897817352415759  0.39579399269388538  0.40219690338748054  0.40851197797054184
  0.41495404075151449  0.42146318749060108  0.42774496593393391  0.43386756927579562
  0.44008915427720408  0.44641493505910296  0.45277423755516605  0.45900331697658209
  0.46523313561152546  0.47153558424789094  0.47785614988463987  0.48399093386075320
  0.48998257073811569  0.49591203274974155  0.50184666026753166  0.50781785664361712
  0.51377461707076399  0.51967499292496910  0.52541231664208843  0.53099785599130178
  0.53671561245776844  0.54243967173331420  0.54798570108330580  0.55345303775827503
  0.55897986436380454  0.56462833528828094  0.57040007903649970  0.57584650193174436
  0.58133531198376720  0.58622054709053906  0.59109861327296398  0.59594072742686266
  0.60099058404335237  0.60613816759425787  0.61120942227271990  0.61637606271901013
  0.62167745786459028  0.62702926169864182  0.63231992733051723  0.63747646090248999
  0.64260683083936720  0.64765159321940213  0.65239372301740728  0.65697123593917350
  0.66158802338710776  0.66627040925152914  0.67096328295477370  0.67539996489213538
  0.67967927520919247  0.68380337668952296  0.68784226207036081  0.69161491998023250
  0.69539802352900537  0.69927960190551708  0.70320500856704793  0.70702103324865084
  0.71055756279099935  0.71400298782321003  0.71759840952704490  0.72154475430300336
  0.72603722091246226  0.73046258144854848  0.73447679908755914  0.73804739065505753
  0.74148642543793764  0.74497458887925427  0.74867651409203839  0.75161927089258485
  0.75386430459582787  0.75624542516970372  0.75748471304146636  1.00000000000000000
   1.8483036227736779E-052  -1.0000000000000000     
 F F F F F F F F F F F F F F F F F F F F F F F F F F F F F F F F
  <DiscreteSampler_grid>
  grouped_processes
  1 # 1 for a reference and 2 for a running grid.
  10 # Attribute 'min_bin_probing_points' of the grid.
  1 # Attribute 'grid_mode' of the grid. 1=='default',2=='initialization'
  0.0000000000000000 # Attribute 'small_contrib_threshold' of the grid.
  0.5000000000000000 # Attribute 'damping_power' of the grid.
 # binID   n_entries weight   weight_sqr   abs_weight
    10   10   1.110952363219281E-038   5.940845829503408E-076   1.110952363219281E-038
    11   10   1.110952363219281E-038   5.940845829503408E-076   1.110952363219281E-038
  </DiscreteSampler_grid>
