  0.01168625778111059  0.01613184354860190  0.02421724508774874  0.03359146568979234
  0.04295029247402193  0.05246203599647319  0.06235493771629326  0.07234305607870334
  0.08242048296704693  0.09248834175923511  0.10274586740229434  0.11318745080601766
  0.12376400979305881  0.13432887120924822  0.14491595137171742  0.15563395848595854
  0.16651912412299918  0.17766358836796647  0.18908024073182647  0.20068726630395214
  0.21234404926686434  0.22401782987492175  0.23572282820297100  0.24754053341795845
  0.25954804211059063  0.27167621232341971  0.28389423721276635  0.29625012606714884
  0.30869848142781670  0.32117067782479108  0.33367719807809565  0.34625072345173319
  0.35884593103181639  0.37147270550681427  0.38420979608000816  0.39696293471708610
  0.40970500105546692  0.42239669826884596  0.43508904181864605  0.44782117571358887
  0.46050697663751422  0.47321048623456019  0.48580925798148067  0.49834394993801995
  0.51081738425645185  0.52324002498281030  0.53555240907229518  0.54778389799335336
  0.55995824667071192  0.57203761928699781  0.58398763116504004  0.59581113657902884
  0.60753981227460419  0.61916822416071882  0.63065873282581952  0.64197054607550608
  0.65312152568929016  0.66411922790299927  0.67498865187614554  0.68575727295177735
  0.69645612600583073  0.70708908212664223  0.71759715750829234  0.72796137242181258
  0.73814311948956568  0.74817053934052280  0.75804070549295521  0.76778793791072331
  0.77743222547691659  0.78698771457582883  0.79645656165396916  0.80578843750401374
  0.81497564129523548  0.82402416793586497  0.83295066676703333  0.84178797425061991
  0.85056542855466888  0.85927632543023902  0.86789703782512417  0.87637052812403538
  0.88462394572458114  0.89280464247810820  0.90093491077394949  0.90901589339118205
  0.91703139100267139  0.92495267788184754  0.93281175215680312  0.94057267714999060
  0.94819206155251401  0.95569444593614872  0.96305241946149944  0.97031801645976623
  0.97751803793724168  0.98429738662244282  0.98841297595250943  1.00000000000000000
 -0.00245094610113285  0.00925289949296566  0.01927643710647076  0.02964993481047473
  0.04016636989796766  0.05073922253918861  0.06131118819125485  0.07183269396470393
  0.08237494403789744  0.09288415784293207  0.10343337130402351  0.11398056366131162
  0.12456727486729689  0.13517997090373957  0.14582726661504100  0.15641958491538305
  0.16697532744881124  0.17752714456637175  0.18811499006833740  0.19864265134474829
  0.20926987428400556  0.22001552576952499  0.23071901061110539  0.24124956310017681
  0.25174293981006685  0.26226895454563792  0.27276721089510580  0.28324877721673464
  0.29374654855325238  0.30430874532244084  0.31480256417442043  0.32531938697847002
  0.33581089440370343  0.34624606538650504  0.35668467204308907  0.36715297368193334
  0.37766233817363581  0.38822745337074732  0.39884185803640093  0.40949191900455595
  0.42008382291747293  0.43069922096493563  0.44133730909822949  0.45206237578153169
  0.46275526003230005  0.47342235802444549  0.48395003545129889  0.49453415634466796
  0.50510208682928814  0.51566898925505578  0.52622150350472974  0.53676468754375617
  0.54730788908852368  0.55780076813460333  0.56827355604037755  0.57871240137126423
  0.58916173262993343  0.59971620467658016  0.61032513494262286  0.62094707174831787
  0.63148110392772494  0.64198810975025999  0.65257535409381129  0.66316571294169580
  0.67370153456433068  0.68415766424310676  0.69465592426726108  0.70517887662239809
  0.71574448007124047  0.72621977462118403  0.73669569169756843  0.74703605478264590
  0.75751096396152806  0.76799969397445389  0.77860603860431354  0.78919831547922958
  0.79972489011438852  0.81023392523348314  0.82076831692292174  0.83137833376486536
  0.84203926730928469  0.85269880419444466  0.86334126578400405  0.87394218272896362
  0.88457991827084148  0.89513529509354961  0.90560369762037618  0.91604051429351441
  0.92657856153609075  0.93716020163600600  0.94757718169925342  0.95811365976220086
  0.96870299933043391  0.97923158452908110  0.98963564630192580  1.00000000000000000
 -0.00158174003121049  0.00785514920939182  0.01671892173014892  0.02637841706115511
  0.03642858259473539  0.04660063670371899  0.05673167863551835  0.06693671328406817
  0.07724207104547137  0.08756962051021663  0.09789804946563244  0.10830392100759230
  0.11875957801557861  0.12920823954163921  0.13962534133792986  0.15006921820390148
  0.16046124574712609  0.17079918246132303  0.18113986291060741  0.19147908965652485
  0.20187068088033258  0.21229577114447598  0.22274976606496302  0.23320630695183903
  0.24371920395019622  0.25421424582033192  0.26471975116650542  0.27526294005648333
  0.28581546012183190  0.29630052172892729  0.30677204163474314  0.31731582177261575
  0.32788241267178281  0.33840478917375777  0.34883222057937302  0.35924607254919427
  0.36965261669543747  0.38014414061418411  0.39067251489611704  0.40111284796149327
  0.41150310677849494  0.42190692769790877  0.43229508662798216  0.44267257306449348
  0.45303425967872379  0.46343387595979696  0.47388839077740924  0.48441066073767164
  0.49499395052469214  0.50558838868851541  0.51619612403666781  0.52681310499765344
  0.53737554399528609  0.54797510071406397  0.55863210809767161  0.56933311193454117
  0.58000629675761017  0.59065457371142294  0.60133747991855835  0.61194135417031059
  0.62250993896703699  0.63303945714552234  0.64356354488097278  0.65408143427631449
  0.66457883871973134  0.67510983972214300  0.68564974270504087  0.69620512684616609
  0.70678247670127614  0.71739401722130758  0.72800051454528614  0.73864478912728715
  0.74920179157609368  0.75977619280167463  0.77031556968061576  0.78086895949797619
  0.79134631716555648  0.80186929209881219  0.81245875554296798  0.82314764920799277
  0.83386307331891296  0.84461112278927564  0.85536635322511523  0.86609364266055544
  0.87680915068750376  0.88759163839257249  0.89842654301508740  0.90925484243160326
  0.92012667262115311  0.93104981136764042  0.94204713713624044  0.95299591187239074
  0.96417542687512203  0.97554335094998079  0.98757390651631938  1.00000000000000000
  0.24759610648397309  0.25905227625790817  0.26817160451094041  0.27720299442910429
  0.28588544083144274  0.29424801885960183  0.30228695363275565  0.31009730946834835
  0.31762379007810959  0.32492451190243449  0.33205823832470777  0.33896654066520526
  0.34571606021995877  0.35236501213880866  0.35882637789750832  0.36514907135445190
  0.37138548165665858  0.37754270564878589  0.38350845786897214  0.38945881427014339
  0.39538210511764160  0.40115975226956413  0.40688246411772400  0.41255239740654903
  0.41817714450945687  0.42371961099252659  0.42918823515197846  0.43461151021465583
  0.43995675990895949  0.44525963256112000  0.45054933519858353  0.45581627400897684
  0.46103414501127571  0.46619513344193725  0.47134117566986700  0.47647956909752059
  0.48157269210245696  0.48662090541641267  0.49166123910912257  0.49667671651319001
  0.50167474912104948  0.50664756130340649  0.51158991237289064  0.51649098919369751
  0.52135377903289903  0.52616978249688040  0.53097585424567584  0.53576541481339068
  0.54059128062410056  0.54538507261780056  0.55012988122869877  0.55484043297544761
  0.55951260900535316  0.56417041955645453  0.56880724928940729  0.57341556321759912
  0.57800256009718831  0.58259268539765297  0.58717208374373819  0.59176826436831420
  0.59635272736885836  0.60090138778016178  0.60541972745349426  0.60992225941213973
  0.61440014656455277  0.61885575241789981  0.62331199358398826  0.62776988634461550
  0.63223897843624366  0.63671559343283335  0.64117319248430815  0.64560865590014704
  0.65001574668296025  0.65440001678863569  0.65876464821735803  0.66313152394687369
  0.66750392993874408  0.67187702182941345  0.67624186179278056  0.68060351143812392
  0.68496387406251891  0.68932330172228462  0.69366330577828994  0.69796053215438303
  0.70225947529263744  0.70656059048490172  0.71088325459545842  0.71521897253512245
  0.71954677132124445  0.72385928572381164  0.72817130306624500  0.73266516100266643
  0.73738147406797250  0.74203192456347045  0.80291622757786518  1.00000000000000000
   9.8560165726587611E-003  -1.0000000000000000     
 F F F F F F F F F F F F F F F F F F F F F F F F F F F F F F F F
  <DiscreteSampler_grid>
  grouped_processes
  1 # 1 for a reference and 2 for a running grid.
  10 # Attribute 'min_bin_probing_points' of the grid.
  1 # Attribute 'grid_mode' of the grid. 1=='default',2=='initialization'
  0.0000000000000000 # Attribute 'small_contrib_threshold' of the grid.
  0.5000000000000000 # Attribute 'damping_power' of the grid.
 # binID   n_entries weight   weight_sqr   abs_weight
    13   10   1.564390552475377E+008   4.505791537315404E+016   1.564390552475377E+008
    14   10   1.564390552475377E+008   4.505791537315405E+016   1.564390552475377E+008
    16   10   2.067236338766406E+008   7.924943283625608E+016   2.067236338766406E+008
    17   10   2.067236338766406E+008   7.924943283625610E+016   2.067236338766406E+008
  </DiscreteSampler_grid>
