  0.01802832047577916  0.04988324062218247  0.05826918887915013  0.06678930185720777
  0.07546215153492980  0.08406380214359040  0.09211003833872365  0.09993695584346407
  0.10761946244232576  0.11516565286855325  0.12280621099260802  0.13045895095789473
  0.13808592739011241  0.14564527379500897  0.15325176837815377  0.16093729769632037
  0.16877800836195139  0.17676558089145819  0.18494538954081866  0.19339759285228234
  0.20214480692845582  0.21089636047294424  0.21975128502016186  0.22863473989305289
  0.23748803234605237  0.24643498852167911  0.25524931342536972  0.26405996440587415
  0.27289693861800196  0.28176201708209681  0.29075970777541399  0.30011353491082826
  0.30969336761470850  0.31940642498015143  0.32908410164519181  0.33880459991347461
  0.34860638515758519  0.35850312218116320  0.36856166255944828  0.37875566293590224
  0.38905172212444694  0.39942598926732575  0.40989656012729248  0.42041964152137751
  0.43096792674666462  0.44156757967259591  0.45224833626707983  0.46294412882515090
  0.47367813789959690  0.48445623595722581  0.49532887470596298  0.50629267901495345
  0.51729019292854428  0.52835971329616738  0.53944040085335787  0.55049635108528916
  0.56156182968628177  0.57274525776610519  0.58393118768751029  0.59506086919702605
  0.60605722920920313  0.61702536327034319  0.62799252917822990  0.63896783830420911
  0.64991487939397963  0.66078836963827658  0.67163902333487213  0.68250933655904666
  0.69351978770113143  0.70463263718572700  0.71571690730082005  0.72667751472598296
  0.73759425445683668  0.74844899325818137  0.75921487400846843  0.76993900846399022
  0.78074241296216162  0.79153698337956491  0.80215559035506945  0.81249534423715541
  0.82286465540351861  0.83325549225738516  0.84397647080335914  0.85469991790142719
  0.86559005442911885  0.87660733114293954  0.88798870375471262  0.89953743333446667
  0.91130957655736733  0.92361812297794055  0.93629715081899401  0.94931801341835265
  0.96166138258947009  0.97308891089115879  0.98330304444725103  1.00000000000000000
 -0.00230510225049039  0.01047257868231672  0.02059979045011985  0.03103998741665988
  0.04146011458678069  0.05191712714542640  0.06228476038815096  0.07260320814862870
  0.08320365657994618  0.09373981063466701  0.10438233044427360  0.11495668582498769
  0.12550704309909255  0.13613562283506891  0.14672429175706889  0.15735502877005017
  0.16779416194246644  0.17819746699511924  0.18853657901936210  0.19886728550246205
  0.20918375148330004  0.21951902546866234  0.23000812972486157  0.24051642273618501
  0.25096061395204905  0.26145998656437230  0.27201991828991512  0.28275305452426469
  0.29342013141975076  0.30403367496897221  0.31476934155701264  0.32554171340458488
  0.33611556377942570  0.34653919913768216  0.35695451397417938  0.36763662319757695
  0.37836429650190789  0.38901859580319875  0.39960445040919379  0.41013335494275893
  0.42068399212902191  0.43112797047365981  0.44166079238253131  0.45230464652294228
  0.46288296770847892  0.47343703720187419  0.48394830985596515  0.49449387001348827
  0.50491520107815124  0.51532714009824887  0.52576767097326227  0.53631421365940146
  0.54695919008947813  0.55766502843710353  0.56830020780131196  0.57879773022488501
  0.58933837581018289  0.59991188786373539  0.61045026954462678  0.62084075864824328
  0.63122990249403732  0.64170239371999216  0.65205128438404936  0.66251219053920718
  0.67290015324135455  0.68344206746206049  0.69382265053329628  0.70428734085125599
  0.71481198302033078  0.72546706207967848  0.73613110095767220  0.74685478003898709
  0.75763503331475845  0.76839237482143896  0.77910696378286226  0.78969126316217753
  0.80024448255503877  0.81078218754274323  0.82149540607108718  0.83217446828699415
  0.84276817448203012  0.85323125961403901  0.86367936669718071  0.87419477667530732
  0.88468449702888963  0.89525052379465508  0.90573911468945789  0.91617376830751485
  0.92657267091415740  0.93706867957301110  0.94757309587925220  0.95810709884342815
  0.96864940637543295  0.97913339570477953  0.98956528562791168  1.00000000000000000
 -0.00090235086631593  0.00985592785505927  0.01879346829239804  0.02805188442616836
  0.03732373278500942  0.04659238520683005  0.05588409863766822  0.06522328949065655
  0.07457509053889179  0.08393503089805729  0.09329461183499785  0.10265483597001647
  0.11198914798052612  0.12130805179156748  0.13061531745988289  0.13992845409495300
  0.14926096402497296  0.15861637034050755  0.16798846524286806  0.17736470534337181
  0.18673852706479890  0.19611202691390461  0.20550242990909251  0.21487887161723951
  0.22422207793304955  0.23357280725855598  0.24290721828500544  0.25225750083530152
  0.26161438574433238  0.27099203939669275  0.28040731509337902  0.28985214283623828
  0.29932351205116225  0.30880287666489259  0.31825214028408988  0.32765136628707819
  0.33703880327925029  0.34641928109969050  0.35582495429591920  0.36526580816794135
  0.37476243976612816  0.38430788454851778  0.39386083561130680  0.40337985515351343
  0.41290047017157760  0.42245655218433575  0.43205774540621295  0.44171472241633897
  0.45140799911398388  0.46116649843989166  0.47095897458715030  0.48075235312291753
  0.49056276917562347  0.50038995202142189  0.51021247314200269  0.52002148339536525
  0.52981296087187224  0.53965017155952388  0.54956216674730374  0.55948312649126397
  0.56942722983783312  0.57938658915607766  0.58944657647780330  0.59953736809528591
  0.60965197746595823  0.61973669097628448  0.62986390975695605  0.64002856498516936
  0.65022627074709072  0.66047059664285879  0.67077790646681690  0.68117072055278793
  0.69161417975329109  0.70216947453473622  0.71284608800774396  0.72364855087225954
  0.73453602392200923  0.74552724255930991  0.75660585472714359  0.76782913431491873
  0.77913386393315887  0.79051048634216559  0.80194410756112178  0.81360168157185264
  0.82557375014732781  0.83779866943380377  0.85030937129695749  0.86301783083020600
  0.87601203681137452  0.88945804173347598  0.90354142194041154  0.91836844776606019
  0.93428040461824402  0.95194721005747840  0.97328210336100973  1.00000000000000000
  0.25480239410701977  0.27761573810949702  0.28751895214618961  0.29550893862315292
  0.30288402515941187  0.30982020426350532  0.31594835245968061  0.32150758457557282
  0.32701874591371677  0.33244357214415032  0.33767948592004221  0.34285770591179454
  0.34799054078661440  0.35305303679541888  0.35794575692636804  0.36278161050519675
  0.36756273197635458  0.37227456340386944  0.37690314101946881  0.38143962056719183
  0.38597890249513189  0.39049140487449718  0.39496845800517894  0.39933637495771895
  0.40362899487894960  0.40792759402813095  0.41221531790491067  0.41648563389024068
  0.42073514727460543  0.42497657210166356  0.42922264753674755  0.43346203893768886
  0.43767033268898331  0.44185163932755783  0.44601320824464008  0.45021805146484606
  0.45445071177056945  0.45873743924125671  0.46300104898192596  0.46726138067539902
  0.47147735303828098  0.47563217520752177  0.47977294802530152  0.48388903142976414
  0.48804249194391364  0.49221348929594799  0.49645078739634335  0.50070757980465030
  0.50496072982843510  0.50920520574111983  0.51343499439724249  0.51764858151354576
  0.52182013718448050  0.52593113269647784  0.53003496076257028  0.53416525363693235
  0.53833738865691050  0.54256718076549026  0.54677883673268934  0.55091400397088996
  0.55500745166609833  0.55912152244549829  0.56329336718715606  0.56751954749337796
  0.57177840559136062  0.57605004122343373  0.58033455180678484  0.58465212806579825
  0.58902229157185215  0.59338372543012674  0.59777708403412111  0.60221266115654903
  0.60670563194257066  0.61124072585987632  0.61579792911476672  0.62039561790537623
  0.62505295252650273  0.62977134457004269  0.63453745755658086  0.63931634236503521
  0.64413282311637932  0.64905269901568219  0.65405349230750809  0.65911903876405264
  0.66433252645687324  0.66978592381360036  0.67547576077184057  0.68122798954390351
  0.68731849017302871  0.69402690441292414  0.70118747352560951  0.70911166443931073
  0.71970802942436163  0.74271667136615926  0.77410541691603174  1.00000000000000000
   1.0101328687699813E-003  -1.0000000000000000     
 F F F F F F F F F F F F F F F F F F F F F F F F F F F F F F F F
  <DiscreteSampler_grid>
  grouped_processes
  1 # 1 for a reference and 2 for a running grid.
  10 # Attribute 'min_bin_probing_points' of the grid.
  1 # Attribute 'grid_mode' of the grid. 1=='default',2=='initialization'
  0.0000000000000000 # Attribute 'small_contrib_threshold' of the grid.
  0.5000000000000000 # Attribute 'damping_power' of the grid.
 # binID   n_entries weight   weight_sqr   abs_weight
    10   10   7.738061913454859E+005   7.190847138286143E+011   7.738061913454859E+005
    11   10   7.738061913454859E+005   7.190847138286143E+011   7.738061913454859E+005
  </DiscreteSampler_grid>
