  0.23498284168919581  0.42284129776679874  0.42556649069541397  0.42865837261156869
  0.43327765429778414  0.43517090237698192  0.43709829615168461  0.43889876279608864
  0.44075994369589172  0.44278023431420371  0.44479523313871783  0.44654741903605810
  0.44824242833774364  0.45003651506359033  0.45185528032065098  0.45374673589885883
  0.45574563585672961  0.45761262476910708  0.45941266002190267  0.46115557155640924
  0.46294665314669337  0.46471606054754322  0.46644296869894880  0.46816831096378581
  0.46985361360477629  0.47145130600427299  0.47301131642437794  0.47457991188818882
  0.47614051386746609  0.47770222147659730  0.47924539445334280  0.48072795028498644
  0.48220055323738925  0.48368038798728730  0.48513967505326511  0.48659019283882687
  0.48803854323062223  0.48945069634011956  0.49084473075634460  0.49221892649517779
  0.49354806248403366  0.49485694927668422  0.49615278269855145  0.49744816315219947
  0.49874898625347314  0.50005464975503910  0.50135895799860331  0.50265629953394775
  0.50394703582349376  0.50524095324366503  0.50655159773548153  0.50788813044095193
  0.50926108618213817  0.51065917602411792  0.51209660195294937  0.51354873185379379
  0.51500659974507523  0.51646447456485101  0.51792052331715621  0.51937438274686210
  0.52079850340983014  0.52249649443770207  0.52419013965020156  0.52586818088473908
  0.52754096193758759  0.52920936258634188  0.53088004417808310  0.53257273336703304
  0.53428197861625948  0.53598514556787102  0.53767792090033861  0.53937379784586514
  0.54109276756883673  0.54286340636129216  0.54485608695966847  0.54687963509612225
  0.54886794243019321  0.55083541559295535  0.55295619465788759  0.55523324998280255
  0.55768674147035480  0.56011354469286190  0.56242539257675617  0.56469959396797687
  0.56659874017174372  0.56909133164053605  0.57144587181573792  0.57371166941867324
  0.57629618548587569  0.57848609168002407  0.58269291869221318  0.58923713103323228
  0.59050640446972835  0.59349835823125718  0.59949348242365608  1.00000000000000000
  0.00459385832487987  0.01521275615553635  0.02404017344643684  0.03484611039589947
  0.04528680730144620  0.05566390440032416  0.06617328079911462  0.07657371488386013
  0.08699960662467036  0.09748594268838710  0.10796449477065281  0.11843923339729659
  0.12902563171627210  0.13962294117059543  0.15015967089641272  0.16069568928462999
  0.17128575634575521  0.18186671490828918  0.19256749924613079  0.20325733631936646
  0.21397422804957617  0.22458684931559492  0.23523238999745080  0.24601941549622547
  0.25665458073310821  0.26718482192069404  0.27755007959989791  0.28790357185715670
  0.29822865576449137  0.30856345662800799  0.31896527894945126  0.32942251232776371
  0.33992481166443528  0.35051476161390843  0.36096927157769071  0.37137674606570215
  0.38178670626971389  0.39220169441348440  0.40251278393616441  0.41272504100278745
  0.42305388842187525  0.43349631440012570  0.44393667951546467  0.45445368705451239
  0.46492112231100730  0.47556743237588112  0.48622117522793240  0.49688923534786544
  0.50742228313177773  0.51795069077541633  0.52855326645229739  0.53920620449314105
  0.54978180876799532  0.56044818187665169  0.57114627570744492  0.58171637584897062
  0.59207578155605334  0.60229711335765146  0.61264592857720468  0.62308323632803431
  0.63349116000955930  0.64396210414408062  0.65452853218984686  0.66518621278152179
  0.67565858790590438  0.68614015939422179  0.69678579978293076  0.70751551837981574
  0.71813224727464531  0.72865466894086872  0.73934168442516457  0.75001853331914936
  0.76058026305191684  0.77110315167470234  0.78169177272876500  0.79239672156750884
  0.80292000116157591  0.81329866607119683  0.82365369076510841  0.83406623756761711
  0.84452919032280616  0.85499625677946123  0.86529085688991803  0.87552537341192282
  0.88589193294696977  0.89627004284057255  0.90655648047337201  0.91680245318933462
  0.92713260693526889  0.93758828260059179  0.94798145219572039  0.95839060962782541
  0.96877639437521235  0.97918142204796643  0.98959824566808219  1.00000000000000000
  0.52420118245930003  0.53056411943087856  0.53644788637551799  0.54234579587324894
  0.54858678134415928  0.55492716800229780  0.56122043377585251  0.56743305496256258
  0.57357222257196283  0.57969647205458830  0.58578968363318540  0.59181975089866312
  0.59776358271893493  0.60362881097590304  0.60941195118354918  0.61516105956746647
  0.62085217124442782  0.62649640455752664  0.63211321494619066  0.63769025199443274
  0.64328391307663668  0.64879686296549921  0.65431024866537124  0.65977600263144531
  0.66522740428691884  0.67068863491446340  0.67611711192888291  0.68152729042117188
  0.68679017433989897  0.69196805342743817  0.69713552570997617  0.70229305595877500
  0.70745288516030558  0.71253522260232838  0.71759416551511224  0.72262021610311189
  0.72764799315504392  0.73265382439239712  0.73757747402150320  0.74250800778816495
  0.74741323214974908  0.75231152841725946  0.75711749141357310  0.76192616622848963
  0.76670501766670918  0.77147068075571745  0.77616764889873113  0.78086850346641257
  0.78553835821227713  0.79014830523719837  0.79468874159617775  0.79919625591427557
  0.80370213200006002  0.80817854503613051  0.81265294348590544  0.81709894249077464
  0.82153517021381717  0.82593571677454969  0.83029669664120154  0.83463429423986490
  0.83896173269130181  0.84329801119907088  0.84762483800528121  0.85192200700789877
  0.85618937287984986  0.86044599896488116  0.86470390038995926  0.86895604764065348
  0.87319780899410371  0.87743794585261425  0.88168610883488985  0.88593613312941177
  0.89018151096412468  0.89443209642507215  0.89868704972479052  0.90294441777394274
  0.90719284239728226  0.91143046015352402  0.91568855574827346  0.92002214621595413
  0.92439758424022045  0.92878749660602988  0.93321517761476924  0.93768710761849305
  0.94229879596582133  0.94695058024761514  0.95165564652618928  0.95640499374013010
  0.96139001432230364  0.96652445512222207  0.97173961807948228  0.97703593556194979
  0.98256669136385077  0.98832072527135983  0.99415101005474438  1.00000000000000000
  0.30689831440245635  0.30936483921332047  0.31288184050552509  0.31743985035066907
  0.32232425166181150  0.32709922929873408  0.33181536325046523  0.33646901267360740
  0.34106423046273537  0.34562213533742159  0.35015597669499343  0.35464723173256651
  0.35907200612461498  0.36345916132660938  0.36783354949669633  0.37219925790666564
  0.37650218405326247  0.38075306324720548  0.38501347280160314  0.38927327645687682
  0.39349043275202145  0.39762824832441546  0.40169684754748158  0.40575273652203619
  0.40982601218405751  0.41389844680234478  0.41795374424460929  0.42198064302357102
  0.42599539764287631  0.43000772511701474  0.43401292034547428  0.43800715122637895
  0.44199792577840191  0.44597605498031240  0.44994663802654322  0.45389951404120249
  0.45784284473002884  0.46175567457727013  0.46564891507757394  0.46953040616869895
  0.47340670413973246  0.47728503703640440  0.48117581971997675  0.48508926350878334
  0.48900127516416803  0.49291393627752683  0.49681400607722503  0.50071787576892246
  0.50458216005671919  0.50844635783266234  0.51231486804630277  0.51618913039007241
  0.52005842236385857  0.52395717251166007  0.52787638978937224  0.53180477405049142
  0.53572542102170606  0.53963902358741900  0.54356462168501063  0.54751481506831889
  0.55146442555462427  0.55541215776230046  0.55935936617937398  0.56334547048787198
  0.56737531091049143  0.57142358366767787  0.57548617798655577  0.57956083902097155
  0.58364005550958054  0.58772386713290103  0.59180461241820437  0.59587570000030499
  0.59994682443878322  0.60404170797101608  0.60818690004384135  0.61236914248290297
  0.61656174926994101  0.62076688656332302  0.62499407808949925  0.62926614586521856
  0.63356929847387722  0.63788482177930306  0.64222349686245173  0.64661794584115284
  0.65110978593081015  0.65563474801403565  0.66016456342815044  0.66469373989631153
  0.66929399333481188  0.67398727932159708  0.67879059300225109  0.68367384986438773
  0.68798106014585547  0.69136358347969085  0.69292759169788176  1.00000000000000000
   1.0322187322581705E-008  -1.0000000000000000     
 F F F F F F F F F F F F F F F F F F F F F F F F F F F F F F F F
  <DiscreteSampler_grid>
  grouped_processes
  1 # 1 for a reference and 2 for a running grid.
  10 # Attribute 'min_bin_probing_points' of the grid.
  1 # Attribute 'grid_mode' of the grid. 1=='default',2=='initialization'
  0.0000000000000000 # Attribute 'small_contrib_threshold' of the grid.
  0.5000000000000000 # Attribute 'damping_power' of the grid.
 # binID   n_entries weight   weight_sqr   abs_weight
    10   10   4.012167520317197E+005   1.431650253581482E+012   4.012167520317197E+005
    11   10   4.012167520317197E+005   1.431650253581482E+012   4.012167520317197E+005
  </DiscreteSampler_grid>
