  0.01270880373850244  0.01869390121431447  0.02559661433674658  0.03478766688701616
  0.04411858235530060  0.05358849612983167  0.06318289298530168  0.07275201889850343
  0.08228243330531523  0.09186834560665212  0.10172251476611595  0.11168379653103089
  0.12168007464791644  0.13182793513035582  0.14231978550898083  0.15298380477448337
  0.16393676584584793  0.17481430815041565  0.18567000408453449  0.19644155099358604
  0.20739333729330486  0.21858535248878966  0.23003170561677544  0.24174615253242537
  0.25365785229654964  0.26561758985020351  0.27757953282286191  0.28959174829864182
  0.30166944738942347  0.31378549056528815  0.32582936829167636  0.33786444862255527
  0.35009814626507163  0.36249886487637095  0.37482137498827928  0.38694234759855545
  0.39895538764033422  0.41101492856579386  0.42323584177630041  0.43557297031289122
  0.44791739046164514  0.46027176339546144  0.47269977449783213  0.48511657290749416
  0.49744492207137675  0.50966977835288807  0.52187050500414622  0.53411828806606088
  0.54617705828019603  0.55818523308715007  0.57003761948078691  0.58193461120584300
  0.59385135669854072  0.60564546853985324  0.61697656121068611  0.62814898068365299
  0.63923610694672028  0.65048219503968707  0.66161697962825994  0.67259460169435670
  0.68338857840940903  0.69411666115395998  0.70489237838208363  0.71568788742508072
  0.72639213977481598  0.73682033418254300  0.74693895286317724  0.75692500639130267
  0.76678304308170442  0.77654942861756715  0.78611840372389763  0.79558685330901224
  0.80500581112822778  0.81449391761690138  0.82387843757038193  0.83319546666727706
  0.84224269407211183  0.85125958428671344  0.86024096457283961  0.86915012472871467
  0.87797890983056925  0.88670379956084933  0.89533593420282653  0.90393150863273453
  0.91244522195590805  0.92087785654070908  0.92929643436208154  0.93757643891043330
  0.94560643117583587  0.95350672121639823  0.96134528069400860  0.96909688041300268
  0.97674747862649713  0.98424896825667596  0.99116590019468243  1.00000000000000000
 -0.00236574419854510  0.00922095907541602  0.01915720916299768  0.02949177666880972
  0.03990952230468928  0.05035620450844972  0.06071689908484421  0.07110136326423108
  0.08131695842415122  0.09173091564232533  0.10220027022085257  0.11268431170269472
  0.12305527636283607  0.13336860644211543  0.14383982201842929  0.15445161866577237
  0.16522870838546830  0.17608556400131090  0.18679566570190648  0.19749494009699328
  0.20806355343344121  0.21873681028504416  0.22929589811823239  0.23978514152134342
  0.25024675931429097  0.26060571313809761  0.27117587276152072  0.28185647167226729
  0.29253297215055207  0.30310942446189754  0.31364104022762102  0.32424676926226442
  0.33480835184621466  0.34535795592772434  0.35598265776744675  0.36671290002160123
  0.37727245012367905  0.38776500564125593  0.39830976231001297  0.40924720075373500
  0.41995387278348129  0.43051814146837747  0.44076323214848712  0.45121857818903521
  0.46168402029537942  0.47210745196361698  0.48265116618565623  0.49292075823239251
  0.50335690961342316  0.51371342329059178  0.52425936441739718  0.53500102691514773
  0.54565369822715848  0.55642083665725228  0.56704123220256775  0.57750360931926892
  0.58787611032950560  0.59833363133073991  0.60894194736590146  0.61960363142725905
  0.63022352663406322  0.64085684751805116  0.65156260494608320  0.66228948466863879
  0.67323444788568609  0.68404196486515367  0.69455632724997485  0.70499172582076786
  0.71547147909373954  0.72602646591406839  0.73647735884339782  0.74681448505304671
  0.75722335556667875  0.76764295118223180  0.77816551122629429  0.78860338008046305
  0.79907608966442734  0.80967587105041949  0.82036908924383056  0.83109103008516116
  0.84169068055674678  0.85224625733818549  0.86273392175287211  0.87319044544223157
  0.88372566604086455  0.89429627646808352  0.90506480952632595  0.91574554113050854
  0.92644932058046925  0.93704720507599115  0.94760063235866032  0.95816097348116236
  0.96857699209484471  0.97910884816225974  0.98951445054254428  1.00000000000000000
 -0.00166393181685004  0.00824903574263173  0.01731302211805171  0.02731723636723208
  0.03748087294200205  0.04763901031767025  0.05783215916731266  0.06823744872037435
  0.07861424959717241  0.08889907163700357  0.09899323137504158  0.10923271461859281
  0.11954388821453135  0.13003029549955489  0.14057672207011229  0.15104606840216386
  0.16152252216433186  0.17214329406181628  0.18289314092112233  0.19358040200700569
  0.20426213881504046  0.21494152709514383  0.22559814079047391  0.23605590896098233
  0.24648690117046781  0.25701704611226761  0.26761790697735688  0.27819998486454056
  0.28881603754425278  0.29944225071578279  0.30998502228881908  0.32042135017388268
  0.33084682058514447  0.34126465627566943  0.35174545668979634  0.36225013635031472
  0.37273521985500885  0.38309646668861391  0.39345268591701188  0.40388795142819323
  0.41434204102727934  0.42474426666042109  0.43507447447975039  0.44551375692349127
  0.45594620128238994  0.46630057504691552  0.47664053967782627  0.48706738423821816
  0.49761473114049287  0.50826136142004774  0.51898746002534224  0.52980369364381619
  0.54061386408375001  0.55140338812525957  0.56217311554551141  0.57289070471002956
  0.58360133945831139  0.59425623972657782  0.60482932356815300  0.61522038000168700
  0.62556625457410464  0.63594089793657438  0.64647017451327471  0.65711451399884102
  0.66774026946214671  0.67835176353785798  0.68902665748288017  0.69981074755640360
  0.71048137353573459  0.72102709096322071  0.73154497467152191  0.74217118781713420
  0.75273644742747581  0.76316575645906093  0.77362348047840657  0.78413578207205159
  0.79461426810613267  0.80505560565636980  0.81558639075308204  0.82612286298253435
  0.83671400309814747  0.84724998643889671  0.85782045527239670  0.86835569032039939
  0.87897148133073044  0.88988283076095931  0.90086591554894080  0.91180444690348106
  0.92250956077618074  0.93311639140775349  0.94383558422153979  0.95452963377913780
  0.96536813569279867  0.97627514233710966  0.98794629479744789  1.00000000000000000
  0.20582499248514702  0.25353231931783837  0.27065869057427638  0.28089306709495682
  0.29153704259171515  0.30145949885975021  0.31085686329106077  0.31971945619450320
  0.32838209833730148  0.33672869681610806  0.34471416681423794  0.35258301040554080
  0.36020471837946316  0.36758708019902259  0.37480204291561470  0.38180848176551635
  0.38868534229073703  0.39544443071397778  0.40204095458641731  0.40860601418790099
  0.41506553329127355  0.42134128704404172  0.42745981171648034  0.43359324593114684
  0.43960140866393049  0.44545970624686698  0.45128741207419049  0.45707367840350127
  0.46278949202435155  0.46838735971168577  0.47396251128975964  0.47947275193145023
  0.48492163038361641  0.49034640523294387  0.49575533670238259  0.50114889000994389
  0.50651375666004350  0.51186658518835793  0.51717651854099955  0.52237461843325139
  0.52747860934667889  0.53254406587974090  0.53758075314938814  0.54254648721016252
  0.54740971961175122  0.55223504853906014  0.55704936054667442  0.56183514789410915
  0.56653724394151517  0.57116073947220125  0.57574896533307152  0.58032622553503899
  0.58489752703855746  0.58942224398106147  0.59389315030660228  0.59830813717176634
  0.60266950751978021  0.60702101468780478  0.61133767886819290  0.61566186680340473
  0.61998646192726825  0.62430701124981036  0.62855311057714425  0.63272704092758514
  0.63688030466119028  0.64102419554133649  0.64513712949387758  0.64917134924792397
  0.65314052484351237  0.65710734647857294  0.66106015431633691  0.66502792163603819
  0.66895088760611998  0.67281846150470426  0.67665523145813644  0.68045762078535721
  0.68424246069033456  0.68800874421398839  0.69174659383947878  0.69547053699456740
  0.69919160443909079  0.70292161533747122  0.70660788356958038  0.71023811981808727
  0.71384520564534526  0.71745285733523589  0.72105088267616668  0.72463186692232096
  0.72818225187958951  0.73171804191505430  0.73524223310259995  0.73874165175721729
  0.74222273998195099  0.74564892612815548  0.75112854900576131  1.00000000000000000
   6.1093874873411839E-003  -1.0000000000000000     
 F F F F F F F F F F F F F F F F F F F F F F F F F F F F F F F F
  <DiscreteSampler_grid>
  grouped_processes
  1 # 1 for a reference and 2 for a running grid.
  10 # Attribute 'min_bin_probing_points' of the grid.
  1 # Attribute 'grid_mode' of the grid. 1=='default',2=='initialization'
  0.0000000000000000 # Attribute 'small_contrib_threshold' of the grid.
  0.5000000000000000 # Attribute 'damping_power' of the grid.
 # binID   n_entries weight   weight_sqr   abs_weight
    10   10   1.882419652910630E+008   5.084746501427069E+016   1.882419652910630E+008
    11   10   1.882419652910629E+008   5.084746501427068E+016   1.882419652910629E+008
  </DiscreteSampler_grid>
